# Cycle: 0, status: ACC
Snapshot: 0
   -0.980000000     1.000000000
Snapshot: 1
   -1.200000000     1.000000000
Snapshot: 2
   -1.250000000     1.000000000
Snapshot: 3
   -1.300000000     1.000000000
Snapshot: 4
   -1.250000000     1.000000000
Snapshot: 5
   -1.150000000     1.000000000
Snapshot: 6
   -1.050000000     1.000000000
Snapshot: 7
   -0.980000000     1.000000000
Snapshot: 8
   -1.000000000     1.000000000
Snapshot: 9
   -0.988000000     1.000000000
Snapshot: 10
   -0.950000000     1.000000000
Snapshot: 11
   -0.920000000     1.000000000
Snapshot: 12
   -0.950000000     1.000000000
Snapshot: 13
   -0.988000000     1.000000000
Snapshot: 14
   -1.000000000     1.000000000
Snapshot: 15
   -1.000000000     1.000000000
Snapshot: 16
   -0.996868687     1.000000000
Snapshot: 17
   -0.993737374     1.000000000
Snapshot: 18
   -0.990606061     1.000000000
Snapshot: 19
   -0.987474747     1.000000000
Snapshot: 20
   -0.984343434     1.000000000
Snapshot: 21
   -0.981212121     1.000000000
Snapshot: 22
   -0.978080808     1.000000000
Snapshot: 23
   -0.974949495     1.000000000
Snapshot: 24
   -0.971818182     1.000000000
Snapshot: 25
   -0.968686869     1.000000000
Snapshot: 26
   -0.965555556     1.000000000
Snapshot: 27
   -0.962424242     1.000000000
Snapshot: 28
   -0.959292929     1.000000000
Snapshot: 29
   -0.956161616     1.000000000
Snapshot: 30
   -0.953030303     1.000000000
Snapshot: 31
   -0.949898990     1.000000000
Snapshot: 32
   -0.946767677     1.000000000
Snapshot: 33
   -0.943636364     1.000000000
Snapshot: 34
   -0.940505051     1.000000000
Snapshot: 35
   -0.937373737     1.000000000
Snapshot: 36
   -0.934242424     1.000000000
Snapshot: 37
   -0.931111111     1.000000000
Snapshot: 38
   -0.927979798     1.000000000
Snapshot: 39
   -0.924848485     1.000000000
Snapshot: 40
   -0.921717172     1.000000000
Snapshot: 41
   -0.918585859     1.000000000
Snapshot: 42
   -0.915454545     1.000000000
Snapshot: 43
   -0.912323232     1.000000000
Snapshot: 44
   -0.909191919     1.000000000
Snapshot: 45
   -0.906060606     1.000000000
Snapshot: 46
   -0.902929293     1.000000000
Snapshot: 47
   -0.899797980     1.000000000
Snapshot: 48
   -0.896666667     1.000000000
Snapshot: 49
   -0.893535354     1.000000000
Snapshot: 50
   -0.890404040     1.000000000
Snapshot: 51
   -0.887272727     1.000000000
Snapshot: 52
   -0.884141414     1.000000000
Snapshot: 53
   -0.881010101     1.000000000
Snapshot: 54
   -0.877878788     1.000000000
Snapshot: 55
   -0.874747475     1.000000000
Snapshot: 56
   -0.871616162     1.000000000
Snapshot: 57
   -0.868484848     1.000000000
Snapshot: 58
   -0.865353535     1.000000000
Snapshot: 59
   -0.862222222     1.000000000
Snapshot: 60
   -0.859090909     1.000000000
Snapshot: 61
   -0.855959596     1.000000000
Snapshot: 62
   -0.852828283     1.000000000
Snapshot: 63
   -0.849696970     1.000000000
Snapshot: 64
   -0.846565657     1.000000000
Snapshot: 65
   -0.843434343     1.000000000
Snapshot: 66
   -0.840303030     1.000000000
Snapshot: 67
   -0.837171717     1.000000000
Snapshot: 68
   -0.834040404     1.000000000
Snapshot: 69
   -0.830909091     1.000000000
Snapshot: 70
   -0.827777778     1.000000000
Snapshot: 71
   -0.824646465     1.000000000
Snapshot: 72
   -0.821515152     1.000000000
Snapshot: 73
   -0.818383838     1.000000000
Snapshot: 74
   -0.815252525     1.000000000
Snapshot: 75
   -0.812121212     1.000000000
Snapshot: 76
   -0.808989899     1.000000000
Snapshot: 77
   -0.805858586     1.000000000
Snapshot: 78
   -0.802727273     1.000000000
Snapshot: 79
   -0.799595960     1.000000000
Snapshot: 80
   -0.796464646     1.000000000
Snapshot: 81
   -0.793333333     1.000000000
Snapshot: 82
   -0.790202020     1.000000000
Snapshot: 83
   -0.787070707     1.000000000
Snapshot: 84
   -0.783939394     1.000000000
Snapshot: 85
   -0.780808081     1.000000000
Snapshot: 86
   -0.777676768     1.000000000
Snapshot: 87
   -0.774545455     1.000000000
Snapshot: 88
   -0.771414141     1.000000000
Snapshot: 89
   -0.768282828     1.000000000
Snapshot: 90
   -0.765151515     1.000000000
Snapshot: 91
   -0.762020202     1.000000000
Snapshot: 92
   -0.758888889     1.000000000
Snapshot: 93
   -0.755757576     1.000000000
Snapshot: 94
   -0.752626263     1.000000000
Snapshot: 95
   -0.749494949     1.000000000
Snapshot: 96
   -0.746363636     1.000000000
Snapshot: 97
   -0.743232323     1.000000000
Snapshot: 98
   -0.740101010     1.000000000
Snapshot: 99
   -0.736969697     1.000000000
Snapshot: 100
   -0.733838384     1.000000000
Snapshot: 101
   -0.730707071     1.000000000
Snapshot: 102
   -0.727575758     1.000000000
Snapshot: 103
   -0.724444444     1.000000000
Snapshot: 104
   -0.721313131     1.000000000
Snapshot: 105
   -0.718181818     1.000000000
Snapshot: 106
   -0.715050505     1.000000000
Snapshot: 107
   -0.711919192     1.000000000
Snapshot: 108
   -0.708787879     1.000000000
Snapshot: 109
   -0.705656566     1.000000000
Snapshot: 110
   -0.702525253     1.000000000
Snapshot: 111
   -0.699393939     1.000000000
Snapshot: 112
   -0.696262626     1.000000000
Snapshot: 113
   -0.693131313     1.000000000
Snapshot: 114
   -0.690000000     1.000000000
Snapshot: 115
   -0.810000000     1.000000000
Snapshot: 116
   -0.807777778     1.000000000
Snapshot: 117
   -0.805555556     1.000000000
Snapshot: 118
   -0.803333333     1.000000000
Snapshot: 119
   -0.801111111     1.000000000
Snapshot: 120
   -0.798888889     1.000000000
Snapshot: 121
   -0.796666667     1.000000000
Snapshot: 122
   -0.794444444     1.000000000
Snapshot: 123
   -0.792222222     1.000000000
Snapshot: 124
   -0.790000000     1.000000000
Snapshot: 125
   -0.787777778     1.000000000
Snapshot: 126
   -0.785555556     1.000000000
Snapshot: 127
   -0.783333333     1.000000000
Snapshot: 128
   -0.781111111     1.000000000
Snapshot: 129
   -0.778888889     1.000000000
Snapshot: 130
   -0.776666667     1.000000000
Snapshot: 131
   -0.774444444     1.000000000
Snapshot: 132
   -0.772222222     1.000000000
Snapshot: 133
   -0.770000000     1.000000000
Snapshot: 134
   -0.767777778     1.000000000
Snapshot: 135
   -0.765555556     1.000000000
Snapshot: 136
   -0.763333333     1.000000000
Snapshot: 137
   -0.761111111     1.000000000
Snapshot: 138
   -0.758888889     1.000000000
Snapshot: 139
   -0.756666667     1.000000000
Snapshot: 140
   -0.754444444     1.000000000
Snapshot: 141
   -0.752222222     1.000000000
Snapshot: 142
   -0.750000000     1.000000000
Snapshot: 143
   -0.747777778     1.000000000
Snapshot: 144
   -0.745555556     1.000000000
Snapshot: 145
   -0.743333333     1.000000000
Snapshot: 146
   -0.741111111     1.000000000
Snapshot: 147
   -0.738888889     1.000000000
Snapshot: 148
   -0.736666667     1.000000000
Snapshot: 149
   -0.734444444     1.000000000
Snapshot: 150
   -0.732222222     1.000000000
Snapshot: 151
   -0.730000000     1.000000000
Snapshot: 152
   -0.727777778     1.000000000
Snapshot: 153
   -0.725555556     1.000000000
Snapshot: 154
   -0.723333333     1.000000000
Snapshot: 155
   -0.721111111     1.000000000
Snapshot: 156
   -0.718888889     1.000000000
Snapshot: 157
   -0.716666667     1.000000000
Snapshot: 158
   -0.714444444     1.000000000
Snapshot: 159
   -0.712222222     1.000000000
Snapshot: 160
   -0.710000000     1.000000000
Snapshot: 161
   -0.707777778     1.000000000
Snapshot: 162
   -0.705555556     1.000000000
Snapshot: 163
   -0.703333333     1.000000000
Snapshot: 164
   -0.701111111     1.000000000
Snapshot: 165
   -0.698888889     1.000000000
Snapshot: 166
   -0.696666667     1.000000000
Snapshot: 167
   -0.694444444     1.000000000
Snapshot: 168
   -0.692222222     1.000000000
Snapshot: 169
   -0.690000000     1.000000000
Snapshot: 170
   -0.687777778     1.000000000
Snapshot: 171
   -0.685555556     1.000000000
Snapshot: 172
   -0.683333333     1.000000000
Snapshot: 173
   -0.681111111     1.000000000
Snapshot: 174
   -0.678888889     1.000000000
Snapshot: 175
   -0.676666667     1.000000000
Snapshot: 176
   -0.674444444     1.000000000
Snapshot: 177
   -0.672222222     1.000000000
Snapshot: 178
   -0.670000000     1.000000000
Snapshot: 179
   -0.667777778     1.000000000
Snapshot: 180
   -0.665555556     1.000000000
Snapshot: 181
   -0.663333333     1.000000000
Snapshot: 182
   -0.661111111     1.000000000
Snapshot: 183
   -0.658888889     1.000000000
Snapshot: 184
   -0.656666667     1.000000000
Snapshot: 185
   -0.654444444     1.000000000
Snapshot: 186
   -0.652222222     1.000000000
Snapshot: 187
   -0.650000000     1.000000000
Snapshot: 188
   -0.647777778     1.000000000
Snapshot: 189
   -0.645555556     1.000000000
Snapshot: 190
   -0.643333333     1.000000000
Snapshot: 191
   -0.641111111     1.000000000
Snapshot: 192
   -0.638888889     1.000000000
Snapshot: 193
   -0.636666667     1.000000000
Snapshot: 194
   -0.634444444     1.000000000
Snapshot: 195
   -0.632222222     1.000000000
Snapshot: 196
   -0.630000000     1.000000000
Snapshot: 197
   -0.627777778     1.000000000
Snapshot: 198
   -0.625555556     1.000000000
Snapshot: 199
   -0.623333333     1.000000000
Snapshot: 200
   -0.621111111     1.000000000
Snapshot: 201
   -0.618888889     1.000000000
Snapshot: 202
   -0.616666667     1.000000000
Snapshot: 203
   -0.614444444     1.000000000
Snapshot: 204
   -0.612222222     1.000000000
Snapshot: 205
   -0.610000000     1.000000000
Snapshot: 206
   -0.607777778     1.000000000
Snapshot: 207
   -0.605555556     1.000000000
Snapshot: 208
   -0.603333333     1.000000000
Snapshot: 209
   -0.601111111     1.000000000
Snapshot: 210
   -0.598888889     1.000000000
Snapshot: 211
   -0.596666667     1.000000000
Snapshot: 212
   -0.594444444     1.000000000
Snapshot: 213
   -0.592222222     1.000000000
Snapshot: 214
   -0.590000000     1.000000000
Snapshot: 215
   -0.710000000     1.000000000
Snapshot: 216
   -0.707777778     1.000000000
Snapshot: 217
   -0.705555556     1.000000000
Snapshot: 218
   -0.703333333     1.000000000
Snapshot: 219
   -0.701111111     1.000000000
Snapshot: 220
   -0.698888889     1.000000000
Snapshot: 221
   -0.696666667     1.000000000
Snapshot: 222
   -0.694444444     1.000000000
Snapshot: 223
   -0.692222222     1.000000000
Snapshot: 224
   -0.690000000     1.000000000
Snapshot: 225
   -0.687777778     1.000000000
Snapshot: 226
   -0.685555556     1.000000000
Snapshot: 227
   -0.683333333     1.000000000
Snapshot: 228
   -0.681111111     1.000000000
Snapshot: 229
   -0.678888889     1.000000000
Snapshot: 230
   -0.676666667     1.000000000
Snapshot: 231
   -0.674444444     1.000000000
Snapshot: 232
   -0.672222222     1.000000000
Snapshot: 233
   -0.670000000     1.000000000
Snapshot: 234
   -0.667777778     1.000000000
Snapshot: 235
   -0.665555556     1.000000000
Snapshot: 236
   -0.663333333     1.000000000
Snapshot: 237
   -0.661111111     1.000000000
Snapshot: 238
   -0.658888889     1.000000000
Snapshot: 239
   -0.656666667     1.000000000
Snapshot: 240
   -0.654444444     1.000000000
Snapshot: 241
   -0.652222222     1.000000000
Snapshot: 242
   -0.650000000     1.000000000
Snapshot: 243
   -0.647777778     1.000000000
Snapshot: 244
   -0.645555556     1.000000000
Snapshot: 245
   -0.643333333     1.000000000
Snapshot: 246
   -0.641111111     1.000000000
Snapshot: 247
   -0.638888889     1.000000000
Snapshot: 248
   -0.636666667     1.000000000
Snapshot: 249
   -0.634444444     1.000000000
Snapshot: 250
   -0.632222222     1.000000000
Snapshot: 251
   -0.630000000     1.000000000
Snapshot: 252
   -0.627777778     1.000000000
Snapshot: 253
   -0.625555556     1.000000000
Snapshot: 254
   -0.623333333     1.000000000
Snapshot: 255
   -0.621111111     1.000000000
Snapshot: 256
   -0.618888889     1.000000000
Snapshot: 257
   -0.616666667     1.000000000
Snapshot: 258
   -0.614444444     1.000000000
Snapshot: 259
   -0.612222222     1.000000000
Snapshot: 260
   -0.610000000     1.000000000
Snapshot: 261
   -0.607777778     1.000000000
Snapshot: 262
   -0.605555556     1.000000000
Snapshot: 263
   -0.603333333     1.000000000
Snapshot: 264
   -0.601111111     1.000000000
Snapshot: 265
   -0.598888889     1.000000000
Snapshot: 266
   -0.596666667     1.000000000
Snapshot: 267
   -0.594444444     1.000000000
Snapshot: 268
   -0.592222222     1.000000000
Snapshot: 269
   -0.590000000     1.000000000
Snapshot: 270
   -0.587777778     1.000000000
Snapshot: 271
   -0.585555556     1.000000000
Snapshot: 272
   -0.583333333     1.000000000
Snapshot: 273
   -0.581111111     1.000000000
Snapshot: 274
   -0.578888889     1.000000000
Snapshot: 275
   -0.576666667     1.000000000
Snapshot: 276
   -0.574444444     1.000000000
Snapshot: 277
   -0.572222222     1.000000000
Snapshot: 278
   -0.570000000     1.000000000
Snapshot: 279
   -0.567777778     1.000000000
Snapshot: 280
   -0.565555556     1.000000000
Snapshot: 281
   -0.563333333     1.000000000
Snapshot: 282
   -0.561111111     1.000000000
Snapshot: 283
   -0.558888889     1.000000000
Snapshot: 284
   -0.556666667     1.000000000
Snapshot: 285
   -0.554444444     1.000000000
Snapshot: 286
   -0.552222222     1.000000000
Snapshot: 287
   -0.550000000     1.000000000
Snapshot: 288
   -0.547777778     1.000000000
Snapshot: 289
   -0.545555556     1.000000000
Snapshot: 290
   -0.543333333     1.000000000
Snapshot: 291
   -0.541111111     1.000000000
Snapshot: 292
   -0.538888889     1.000000000
Snapshot: 293
   -0.536666667     1.000000000
Snapshot: 294
   -0.534444444     1.000000000
Snapshot: 295
   -0.532222222     1.000000000
Snapshot: 296
   -0.530000000     1.000000000
Snapshot: 297
   -0.527777778     1.000000000
Snapshot: 298
   -0.525555556     1.000000000
Snapshot: 299
   -0.523333333     1.000000000
Snapshot: 300
   -0.521111111     1.000000000
Snapshot: 301
   -0.518888889     1.000000000
Snapshot: 302
   -0.516666667     1.000000000
Snapshot: 303
   -0.514444444     1.000000000
Snapshot: 304
   -0.512222222     1.000000000
Snapshot: 305
   -0.510000000     1.000000000
Snapshot: 306
   -0.507777778     1.000000000
Snapshot: 307
   -0.505555556     1.000000000
Snapshot: 308
   -0.503333333     1.000000000
Snapshot: 309
   -0.501111111     1.000000000
Snapshot: 310
   -0.498888889     1.000000000
Snapshot: 311
   -0.496666667     1.000000000
Snapshot: 312
   -0.494444444     1.000000000
Snapshot: 313
   -0.492222222     1.000000000
Snapshot: 314
   -0.490000000     1.000000000
Snapshot: 315
   -0.610000000     1.000000000
Snapshot: 316
   -0.607777778     1.000000000
Snapshot: 317
   -0.605555556     1.000000000
Snapshot: 318
   -0.603333333     1.000000000
Snapshot: 319
   -0.601111111     1.000000000
Snapshot: 320
   -0.598888889     1.000000000
Snapshot: 321
   -0.596666667     1.000000000
Snapshot: 322
   -0.594444444     1.000000000
Snapshot: 323
   -0.592222222     1.000000000
Snapshot: 324
   -0.590000000     1.000000000
Snapshot: 325
   -0.587777778     1.000000000
Snapshot: 326
   -0.585555556     1.000000000
Snapshot: 327
   -0.583333333     1.000000000
Snapshot: 328
   -0.581111111     1.000000000
Snapshot: 329
   -0.578888889     1.000000000
Snapshot: 330
   -0.576666667     1.000000000
Snapshot: 331
   -0.574444444     1.000000000
Snapshot: 332
   -0.572222222     1.000000000
Snapshot: 333
   -0.570000000     1.000000000
Snapshot: 334
   -0.567777778     1.000000000
Snapshot: 335
   -0.565555556     1.000000000
Snapshot: 336
   -0.563333333     1.000000000
Snapshot: 337
   -0.561111111     1.000000000
Snapshot: 338
   -0.558888889     1.000000000
Snapshot: 339
   -0.556666667     1.000000000
Snapshot: 340
   -0.554444444     1.000000000
Snapshot: 341
   -0.552222222     1.000000000
Snapshot: 342
   -0.550000000     1.000000000
Snapshot: 343
   -0.547777778     1.000000000
Snapshot: 344
   -0.545555556     1.000000000
Snapshot: 345
   -0.543333333     1.000000000
Snapshot: 346
   -0.541111111     1.000000000
Snapshot: 347
   -0.538888889     1.000000000
Snapshot: 348
   -0.536666667     1.000000000
Snapshot: 349
   -0.534444444     1.000000000
Snapshot: 350
   -0.532222222     1.000000000
Snapshot: 351
   -0.530000000     1.000000000
Snapshot: 352
   -0.527777778     1.000000000
Snapshot: 353
   -0.525555556     1.000000000
Snapshot: 354
   -0.523333333     1.000000000
Snapshot: 355
   -0.521111111     1.000000000
Snapshot: 356
   -0.518888889     1.000000000
Snapshot: 357
   -0.516666667     1.000000000
Snapshot: 358
   -0.514444444     1.000000000
Snapshot: 359
   -0.512222222     1.000000000
Snapshot: 360
   -0.510000000     1.000000000
Snapshot: 361
   -0.507777778     1.000000000
Snapshot: 362
   -0.505555556     1.000000000
Snapshot: 363
   -0.503333333     1.000000000
Snapshot: 364
   -0.501111111     1.000000000
Snapshot: 365
   -0.498888889     1.000000000
Snapshot: 366
   -0.496666667     1.000000000
Snapshot: 367
   -0.494444444     1.000000000
Snapshot: 368
   -0.492222222     1.000000000
Snapshot: 369
   -0.490000000     1.000000000
Snapshot: 370
   -0.487777778     1.000000000
Snapshot: 371
   -0.485555556     1.000000000
Snapshot: 372
   -0.483333333     1.000000000
Snapshot: 373
   -0.481111111     1.000000000
Snapshot: 374
   -0.478888889     1.000000000
Snapshot: 375
   -0.476666667     1.000000000
Snapshot: 376
   -0.474444444     1.000000000
Snapshot: 377
   -0.472222222     1.000000000
Snapshot: 378
   -0.470000000     1.000000000
Snapshot: 379
   -0.467777778     1.000000000
Snapshot: 380
   -0.465555556     1.000000000
Snapshot: 381
   -0.463333333     1.000000000
Snapshot: 382
   -0.461111111     1.000000000
Snapshot: 383
   -0.458888889     1.000000000
Snapshot: 384
   -0.456666667     1.000000000
Snapshot: 385
   -0.454444444     1.000000000
Snapshot: 386
   -0.452222222     1.000000000
Snapshot: 387
   -0.450000000     1.000000000
Snapshot: 388
   -0.447777778     1.000000000
Snapshot: 389
   -0.445555556     1.000000000
Snapshot: 390
   -0.443333333     1.000000000
Snapshot: 391
   -0.441111111     1.000000000
Snapshot: 392
   -0.438888889     1.000000000
Snapshot: 393
   -0.436666667     1.000000000
Snapshot: 394
   -0.434444444     1.000000000
Snapshot: 395
   -0.432222222     1.000000000
Snapshot: 396
   -0.430000000     1.000000000
Snapshot: 397
   -0.427777778     1.000000000
Snapshot: 398
   -0.425555556     1.000000000
Snapshot: 399
   -0.423333333     1.000000000
Snapshot: 400
   -0.421111111     1.000000000
Snapshot: 401
   -0.418888889     1.000000000
Snapshot: 402
   -0.416666667     1.000000000
Snapshot: 403
   -0.414444444     1.000000000
Snapshot: 404
   -0.412222222     1.000000000
Snapshot: 405
   -0.410000000     1.000000000
Snapshot: 406
   -0.407777778     1.000000000
Snapshot: 407
   -0.405555556     1.000000000
Snapshot: 408
   -0.403333333     1.000000000
Snapshot: 409
   -0.401111111     1.000000000
Snapshot: 410
   -0.398888889     1.000000000
Snapshot: 411
   -0.396666667     1.000000000
Snapshot: 412
   -0.394444444     1.000000000
Snapshot: 413
   -0.392222222     1.000000000
Snapshot: 414
   -0.390000000     1.000000000
Snapshot: 415
   -0.510000000     1.000000000
Snapshot: 416
   -0.507777778     1.000000000
Snapshot: 417
   -0.505555556     1.000000000
Snapshot: 418
   -0.503333333     1.000000000
Snapshot: 419
   -0.501111111     1.000000000
Snapshot: 420
   -0.498888889     1.000000000
Snapshot: 421
   -0.496666667     1.000000000
Snapshot: 422
   -0.494444444     1.000000000
Snapshot: 423
   -0.492222222     1.000000000
Snapshot: 424
   -0.490000000     1.000000000
Snapshot: 425
   -0.487777778     1.000000000
Snapshot: 426
   -0.485555556     1.000000000
Snapshot: 427
   -0.483333333     1.000000000
Snapshot: 428
   -0.481111111     1.000000000
Snapshot: 429
   -0.478888889     1.000000000
Snapshot: 430
   -0.476666667     1.000000000
Snapshot: 431
   -0.474444444     1.000000000
Snapshot: 432
   -0.472222222     1.000000000
Snapshot: 433
   -0.470000000     1.000000000
Snapshot: 434
   -0.467777778     1.000000000
Snapshot: 435
   -0.465555556     1.000000000
Snapshot: 436
   -0.463333333     1.000000000
Snapshot: 437
   -0.461111111     1.000000000
Snapshot: 438
   -0.458888889     1.000000000
Snapshot: 439
   -0.456666667     1.000000000
Snapshot: 440
   -0.454444444     1.000000000
Snapshot: 441
   -0.452222222     1.000000000
Snapshot: 442
   -0.450000000     1.000000000
Snapshot: 443
   -0.447777778     1.000000000
Snapshot: 444
   -0.445555556     1.000000000
Snapshot: 445
   -0.443333333     1.000000000
Snapshot: 446
   -0.441111111     1.000000000
Snapshot: 447
   -0.438888889     1.000000000
Snapshot: 448
   -0.436666667     1.000000000
Snapshot: 449
   -0.434444444     1.000000000
Snapshot: 450
   -0.432222222     1.000000000
Snapshot: 451
   -0.430000000     1.000000000
Snapshot: 452
   -0.427777778     1.000000000
Snapshot: 453
   -0.425555556     1.000000000
Snapshot: 454
   -0.423333333     1.000000000
Snapshot: 455
   -0.421111111     1.000000000
Snapshot: 456
   -0.418888889     1.000000000
Snapshot: 457
   -0.416666667     1.000000000
Snapshot: 458
   -0.414444444     1.000000000
Snapshot: 459
   -0.412222222     1.000000000
Snapshot: 460
   -0.410000000     1.000000000
Snapshot: 461
   -0.407777778     1.000000000
Snapshot: 462
   -0.405555556     1.000000000
Snapshot: 463
   -0.403333333     1.000000000
Snapshot: 464
   -0.401111111     1.000000000
Snapshot: 465
   -0.398888889     1.000000000
Snapshot: 466
   -0.396666667     1.000000000
Snapshot: 467
   -0.394444444     1.000000000
Snapshot: 468
   -0.392222222     1.000000000
Snapshot: 469
   -0.390000000     1.000000000
Snapshot: 470
   -0.387777778     1.000000000
Snapshot: 471
   -0.385555556     1.000000000
Snapshot: 472
   -0.383333333     1.000000000
Snapshot: 473
   -0.381111111     1.000000000
Snapshot: 474
   -0.378888889     1.000000000
Snapshot: 475
   -0.376666667     1.000000000
Snapshot: 476
   -0.374444444     1.000000000
Snapshot: 477
   -0.372222222     1.000000000
Snapshot: 478
   -0.370000000     1.000000000
Snapshot: 479
   -0.367777778     1.000000000
Snapshot: 480
   -0.365555556     1.000000000
Snapshot: 481
   -0.363333333     1.000000000
Snapshot: 482
   -0.361111111     1.000000000
Snapshot: 483
   -0.358888889     1.000000000
Snapshot: 484
   -0.356666667     1.000000000
Snapshot: 485
   -0.354444444     1.000000000
Snapshot: 486
   -0.352222222     1.000000000
Snapshot: 487
   -0.350000000     1.000000000
Snapshot: 488
   -0.347777778     1.000000000
Snapshot: 489
   -0.345555556     1.000000000
Snapshot: 490
   -0.343333333     1.000000000
Snapshot: 491
   -0.341111111     1.000000000
Snapshot: 492
   -0.338888889     1.000000000
Snapshot: 493
   -0.336666667     1.000000000
Snapshot: 494
   -0.334444444     1.000000000
Snapshot: 495
   -0.332222222     1.000000000
Snapshot: 496
   -0.330000000     1.000000000
Snapshot: 497
   -0.327777778     1.000000000
Snapshot: 498
   -0.325555556     1.000000000
Snapshot: 499
   -0.323333333     1.000000000
Snapshot: 500
   -0.321111111     1.000000000
Snapshot: 501
   -0.318888889     1.000000000
Snapshot: 502
   -0.316666667     1.000000000
Snapshot: 503
   -0.314444444     1.000000000
Snapshot: 504
   -0.312222222     1.000000000
Snapshot: 505
   -0.310000000     1.000000000
Snapshot: 506
   -0.307777778     1.000000000
Snapshot: 507
   -0.305555556     1.000000000
Snapshot: 508
   -0.303333333     1.000000000
Snapshot: 509
   -0.301111111     1.000000000
Snapshot: 510
   -0.298888889     1.000000000
Snapshot: 511
   -0.296666667     1.000000000
Snapshot: 512
   -0.294444444     1.000000000
Snapshot: 513
   -0.292222222     1.000000000
Snapshot: 514
   -0.290000000     1.000000000
Snapshot: 515
   -0.410000000     1.000000000
Snapshot: 516
   -0.405757576     1.000000000
Snapshot: 517
   -0.401515152     1.000000000
Snapshot: 518
   -0.397272727     1.000000000
Snapshot: 519
   -0.393030303     1.000000000
Snapshot: 520
   -0.388787879     1.000000000
Snapshot: 521
   -0.384545455     1.000000000
Snapshot: 522
   -0.380303030     1.000000000
Snapshot: 523
   -0.376060606     1.000000000
Snapshot: 524
   -0.371818182     1.000000000
Snapshot: 525
   -0.367575758     1.000000000
Snapshot: 526
   -0.363333333     1.000000000
Snapshot: 527
   -0.359090909     1.000000000
Snapshot: 528
   -0.354848485     1.000000000
Snapshot: 529
   -0.350606061     1.000000000
Snapshot: 530
   -0.346363636     1.000000000
Snapshot: 531
   -0.342121212     1.000000000
Snapshot: 532
   -0.337878788     1.000000000
Snapshot: 533
   -0.333636364     1.000000000
Snapshot: 534
   -0.329393939     1.000000000
Snapshot: 535
   -0.325151515     1.000000000
Snapshot: 536
   -0.320909091     1.000000000
Snapshot: 537
   -0.316666667     1.000000000
Snapshot: 538
   -0.312424242     1.000000000
Snapshot: 539
   -0.308181818     1.000000000
Snapshot: 540
   -0.303939394     1.000000000
Snapshot: 541
   -0.299696970     1.000000000
Snapshot: 542
   -0.295454545     1.000000000
Snapshot: 543
   -0.291212121     1.000000000
Snapshot: 544
   -0.286969697     1.000000000
Snapshot: 545
   -0.282727273     1.000000000
Snapshot: 546
   -0.278484848     1.000000000
Snapshot: 547
   -0.274242424     1.000000000
Snapshot: 548
   -0.270000000     1.000000000
Snapshot: 549
   -0.265757576     1.000000000
Snapshot: 550
   -0.261515152     1.000000000
Snapshot: 551
   -0.257272727     1.000000000
Snapshot: 552
   -0.253030303     1.000000000
Snapshot: 553
   -0.248787879     1.000000000
Snapshot: 554
   -0.244545455     1.000000000
Snapshot: 555
   -0.240303030     1.000000000
Snapshot: 556
   -0.236060606     1.000000000
Snapshot: 557
   -0.231818182     1.000000000
Snapshot: 558
   -0.227575758     1.000000000
Snapshot: 559
   -0.223333333     1.000000000
Snapshot: 560
   -0.219090909     1.000000000
Snapshot: 561
   -0.214848485     1.000000000
Snapshot: 562
   -0.210606061     1.000000000
Snapshot: 563
   -0.206363636     1.000000000
Snapshot: 564
   -0.202121212     1.000000000
Snapshot: 565
   -0.197878788     1.000000000
Snapshot: 566
   -0.193636364     1.000000000
Snapshot: 567
   -0.189393939     1.000000000
Snapshot: 568
   -0.185151515     1.000000000
Snapshot: 569
   -0.180909091     1.000000000
Snapshot: 570
   -0.176666667     1.000000000
Snapshot: 571
   -0.172424242     1.000000000
Snapshot: 572
   -0.168181818     1.000000000
Snapshot: 573
   -0.163939394     1.000000000
Snapshot: 574
   -0.159696970     1.000000000
Snapshot: 575
   -0.155454545     1.000000000
Snapshot: 576
   -0.151212121     1.000000000
Snapshot: 577
   -0.146969697     1.000000000
Snapshot: 578
   -0.142727273     1.000000000
Snapshot: 579
   -0.138484848     1.000000000
Snapshot: 580
   -0.134242424     1.000000000
Snapshot: 581
   -0.130000000     1.000000000
Snapshot: 582
   -0.125757576     1.000000000
Snapshot: 583
   -0.121515152     1.000000000
Snapshot: 584
   -0.117272727     1.000000000
Snapshot: 585
   -0.113030303     1.000000000
Snapshot: 586
   -0.108787879     1.000000000
Snapshot: 587
   -0.104545455     1.000000000
Snapshot: 588
   -0.100303030     1.000000000
Snapshot: 589
   -0.096060606     1.000000000
Snapshot: 590
   -0.091818182     1.000000000
Snapshot: 591
   -0.087575758     1.000000000
Snapshot: 592
   -0.083333333     1.000000000
Snapshot: 593
   -0.079090909     1.000000000
Snapshot: 594
   -0.074848485     1.000000000
Snapshot: 595
   -0.070606061     1.000000000
Snapshot: 596
   -0.066363636     1.000000000
Snapshot: 597
   -0.062121212     1.000000000
Snapshot: 598
   -0.057878788     1.000000000
Snapshot: 599
   -0.053636364     1.000000000
Snapshot: 600
   -0.049393939     1.000000000
Snapshot: 601
   -0.045151515     1.000000000
Snapshot: 602
   -0.040909091     1.000000000
Snapshot: 603
   -0.036666667     1.000000000
Snapshot: 604
   -0.032424242     1.000000000
Snapshot: 605
   -0.028181818     1.000000000
Snapshot: 606
   -0.023939394     1.000000000
Snapshot: 607
   -0.019696970     1.000000000
Snapshot: 608
   -0.015454545     1.000000000
Snapshot: 609
   -0.011212121     1.000000000
Snapshot: 610
   -0.006969697     1.000000000
Snapshot: 611
   -0.002727273     1.000000000
Snapshot: 612
    0.001515152     1.000000000
Snapshot: 613
    0.005757576     1.000000000
Snapshot: 614
    0.010000000     1.000000000
Snapshot: 615
   -0.310000000     1.000000000
Snapshot: 616
   -0.303737374     1.000000000
Snapshot: 617
   -0.297474747     1.000000000
Snapshot: 618
   -0.291212121     1.000000000
Snapshot: 619
   -0.284949495     1.000000000
Snapshot: 620
   -0.278686869     1.000000000
Snapshot: 621
   -0.272424242     1.000000000
Snapshot: 622
   -0.266161616     1.000000000
Snapshot: 623
   -0.259898990     1.000000000
Snapshot: 624
   -0.253636364     1.000000000
Snapshot: 625
   -0.247373737     1.000000000
Snapshot: 626
   -0.241111111     1.000000000
Snapshot: 627
   -0.234848485     1.000000000
Snapshot: 628
   -0.228585859     1.000000000
Snapshot: 629
   -0.222323232     1.000000000
Snapshot: 630
   -0.216060606     1.000000000
Snapshot: 631
   -0.209797980     1.000000000
Snapshot: 632
   -0.203535354     1.000000000
Snapshot: 633
   -0.197272727     1.000000000
Snapshot: 634
   -0.191010101     1.000000000
Snapshot: 635
   -0.184747475     1.000000000
Snapshot: 636
   -0.178484848     1.000000000
Snapshot: 637
   -0.172222222     1.000000000
Snapshot: 638
   -0.165959596     1.000000000
Snapshot: 639
   -0.159696970     1.000000000
Snapshot: 640
   -0.153434343     1.000000000
Snapshot: 641
   -0.147171717     1.000000000
Snapshot: 642
   -0.140909091     1.000000000
Snapshot: 643
   -0.134646465     1.000000000
Snapshot: 644
   -0.128383838     1.000000000
Snapshot: 645
   -0.122121212     1.000000000
Snapshot: 646
   -0.115858586     1.000000000
Snapshot: 647
   -0.109595960     1.000000000
Snapshot: 648
   -0.103333333     1.000000000
Snapshot: 649
   -0.097070707     1.000000000
Snapshot: 650
   -0.090808081     1.000000000
Snapshot: 651
   -0.084545455     1.000000000
Snapshot: 652
   -0.078282828     1.000000000
Snapshot: 653
   -0.072020202     1.000000000
Snapshot: 654
   -0.065757576     1.000000000
Snapshot: 655
   -0.059494949     1.000000000
Snapshot: 656
   -0.053232323     1.000000000
Snapshot: 657
   -0.046969697     1.000000000
Snapshot: 658
   -0.040707071     1.000000000
Snapshot: 659
   -0.034444444     1.000000000
Snapshot: 660
   -0.028181818     1.000000000
Snapshot: 661
   -0.021919192     1.000000000
Snapshot: 662
   -0.015656566     1.000000000
Snapshot: 663
   -0.009393939     1.000000000
Snapshot: 664
   -0.003131313     1.000000000
Snapshot: 665
    0.003131313     1.000000000
Snapshot: 666
    0.009393939     1.000000000
Snapshot: 667
    0.015656566     1.000000000
Snapshot: 668
    0.021919192     1.000000000
Snapshot: 669
    0.028181818     1.000000000
Snapshot: 670
    0.034444444     1.000000000
Snapshot: 671
    0.040707071     1.000000000
Snapshot: 672
    0.046969697     1.000000000
Snapshot: 673
    0.053232323     1.000000000
Snapshot: 674
    0.059494949     1.000000000
Snapshot: 675
    0.065757576     1.000000000
Snapshot: 676
    0.072020202     1.000000000
Snapshot: 677
    0.078282828     1.000000000
Snapshot: 678
    0.084545455     1.000000000
Snapshot: 679
    0.090808081     1.000000000
Snapshot: 680
    0.097070707     1.000000000
Snapshot: 681
    0.103333333     1.000000000
Snapshot: 682
    0.109595960     1.000000000
Snapshot: 683
    0.115858586     1.000000000
Snapshot: 684
    0.122121212     1.000000000
Snapshot: 685
    0.128383838     1.000000000
Snapshot: 686
    0.134646465     1.000000000
Snapshot: 687
    0.140909091     1.000000000
Snapshot: 688
    0.147171717     1.000000000
Snapshot: 689
    0.153434343     1.000000000
Snapshot: 690
    0.159696970     1.000000000
Snapshot: 691
    0.165959596     1.000000000
Snapshot: 692
    0.172222222     1.000000000
Snapshot: 693
    0.178484848     1.000000000
Snapshot: 694
    0.184747475     1.000000000
Snapshot: 695
    0.191010101     1.000000000
Snapshot: 696
    0.197272727     1.000000000
Snapshot: 697
    0.203535354     1.000000000
Snapshot: 698
    0.209797980     1.000000000
Snapshot: 699
    0.216060606     1.000000000
Snapshot: 700
    0.222323232     1.000000000
Snapshot: 701
    0.228585859     1.000000000
Snapshot: 702
    0.234848485     1.000000000
Snapshot: 703
    0.241111111     1.000000000
Snapshot: 704
    0.247373737     1.000000000
Snapshot: 705
    0.253636364     1.000000000
Snapshot: 706
    0.259898990     1.000000000
Snapshot: 707
    0.266161616     1.000000000
Snapshot: 708
    0.272424242     1.000000000
Snapshot: 709
    0.278686869     1.000000000
Snapshot: 710
    0.284949495     1.000000000
Snapshot: 711
    0.291212121     1.000000000
Snapshot: 712
    0.297474747     1.000000000
Snapshot: 713
    0.303737374     1.000000000
Snapshot: 714
    0.310000000     1.000000000
Snapshot: 715
   -0.010000000     1.000000000
Snapshot: 716
   -0.005757576     1.000000000
Snapshot: 717
   -0.001515152     1.000000000
Snapshot: 718
    0.002727273     1.000000000
Snapshot: 719
    0.006969697     1.000000000
Snapshot: 720
    0.011212121     1.000000000
Snapshot: 721
    0.015454545     1.000000000
Snapshot: 722
    0.019696970     1.000000000
Snapshot: 723
    0.023939394     1.000000000
Snapshot: 724
    0.028181818     1.000000000
Snapshot: 725
    0.032424242     1.000000000
Snapshot: 726
    0.036666667     1.000000000
Snapshot: 727
    0.040909091     1.000000000
Snapshot: 728
    0.045151515     1.000000000
Snapshot: 729
    0.049393939     1.000000000
Snapshot: 730
    0.053636364     1.000000000
Snapshot: 731
    0.057878788     1.000000000
Snapshot: 732
    0.062121212     1.000000000
Snapshot: 733
    0.066363636     1.000000000
Snapshot: 734
    0.070606061     1.000000000
Snapshot: 735
    0.074848485     1.000000000
Snapshot: 736
    0.079090909     1.000000000
Snapshot: 737
    0.083333333     1.000000000
Snapshot: 738
    0.087575758     1.000000000
Snapshot: 739
    0.091818182     1.000000000
Snapshot: 740
    0.096060606     1.000000000
Snapshot: 741
    0.100303030     1.000000000
Snapshot: 742
    0.104545455     1.000000000
Snapshot: 743
    0.108787879     1.000000000
Snapshot: 744
    0.113030303     1.000000000
Snapshot: 745
    0.117272727     1.000000000
Snapshot: 746
    0.121515152     1.000000000
Snapshot: 747
    0.125757576     1.000000000
Snapshot: 748
    0.130000000     1.000000000
Snapshot: 749
    0.134242424     1.000000000
Snapshot: 750
    0.138484848     1.000000000
Snapshot: 751
    0.142727273     1.000000000
Snapshot: 752
    0.146969697     1.000000000
Snapshot: 753
    0.151212121     1.000000000
Snapshot: 754
    0.155454545     1.000000000
Snapshot: 755
    0.159696970     1.000000000
Snapshot: 756
    0.163939394     1.000000000
Snapshot: 757
    0.168181818     1.000000000
Snapshot: 758
    0.172424242     1.000000000
Snapshot: 759
    0.176666667     1.000000000
Snapshot: 760
    0.180909091     1.000000000
Snapshot: 761
    0.185151515     1.000000000
Snapshot: 762
    0.189393939     1.000000000
Snapshot: 763
    0.193636364     1.000000000
Snapshot: 764
    0.197878788     1.000000000
Snapshot: 765
    0.202121212     1.000000000
Snapshot: 766
    0.206363636     1.000000000
Snapshot: 767
    0.210606061     1.000000000
Snapshot: 768
    0.214848485     1.000000000
Snapshot: 769
    0.219090909     1.000000000
Snapshot: 770
    0.223333333     1.000000000
Snapshot: 771
    0.227575758     1.000000000
Snapshot: 772
    0.231818182     1.000000000
Snapshot: 773
    0.236060606     1.000000000
Snapshot: 774
    0.240303030     1.000000000
Snapshot: 775
    0.244545455     1.000000000
Snapshot: 776
    0.248787879     1.000000000
Snapshot: 777
    0.253030303     1.000000000
Snapshot: 778
    0.257272727     1.000000000
Snapshot: 779
    0.261515152     1.000000000
Snapshot: 780
    0.265757576     1.000000000
Snapshot: 781
    0.270000000     1.000000000
Snapshot: 782
    0.274242424     1.000000000
Snapshot: 783
    0.278484848     1.000000000
Snapshot: 784
    0.282727273     1.000000000
Snapshot: 785
    0.286969697     1.000000000
Snapshot: 786
    0.291212121     1.000000000
Snapshot: 787
    0.295454545     1.000000000
Snapshot: 788
    0.299696970     1.000000000
Snapshot: 789
    0.303939394     1.000000000
Snapshot: 790
    0.308181818     1.000000000
Snapshot: 791
    0.312424242     1.000000000
Snapshot: 792
    0.316666667     1.000000000
Snapshot: 793
    0.320909091     1.000000000
Snapshot: 794
    0.325151515     1.000000000
Snapshot: 795
    0.329393939     1.000000000
Snapshot: 796
    0.333636364     1.000000000
Snapshot: 797
    0.337878788     1.000000000
Snapshot: 798
    0.342121212     1.000000000
Snapshot: 799
    0.346363636     1.000000000
Snapshot: 800
    0.350606061     1.000000000
Snapshot: 801
    0.354848485     1.000000000
Snapshot: 802
    0.359090909     1.000000000
Snapshot: 803
    0.363333333     1.000000000
Snapshot: 804
    0.367575758     1.000000000
Snapshot: 805
    0.371818182     1.000000000
Snapshot: 806
    0.376060606     1.000000000
Snapshot: 807
    0.380303030     1.000000000
Snapshot: 808
    0.384545455     1.000000000
Snapshot: 809
    0.388787879     1.000000000
Snapshot: 810
    0.393030303     1.000000000
Snapshot: 811
    0.397272727     1.000000000
Snapshot: 812
    0.401515152     1.000000000
Snapshot: 813
    0.405757576     1.000000000
Snapshot: 814
    0.410000000     1.000000000
Snapshot: 815
    0.290000000     1.000000000
Snapshot: 816
    0.292222222     1.000000000
Snapshot: 817
    0.294444444     1.000000000
Snapshot: 818
    0.296666667     1.000000000
Snapshot: 819
    0.298888889     1.000000000
Snapshot: 820
    0.301111111     1.000000000
Snapshot: 821
    0.303333333     1.000000000
Snapshot: 822
    0.305555556     1.000000000
Snapshot: 823
    0.307777778     1.000000000
Snapshot: 824
    0.310000000     1.000000000
Snapshot: 825
    0.312222222     1.000000000
Snapshot: 826
    0.314444444     1.000000000
Snapshot: 827
    0.316666667     1.000000000
Snapshot: 828
    0.318888889     1.000000000
Snapshot: 829
    0.321111111     1.000000000
Snapshot: 830
    0.323333333     1.000000000
Snapshot: 831
    0.325555556     1.000000000
Snapshot: 832
    0.327777778     1.000000000
Snapshot: 833
    0.330000000     1.000000000
Snapshot: 834
    0.332222222     1.000000000
Snapshot: 835
    0.334444444     1.000000000
Snapshot: 836
    0.336666667     1.000000000
Snapshot: 837
    0.338888889     1.000000000
Snapshot: 838
    0.341111111     1.000000000
Snapshot: 839
    0.343333333     1.000000000
Snapshot: 840
    0.345555556     1.000000000
Snapshot: 841
    0.347777778     1.000000000
Snapshot: 842
    0.350000000     1.000000000
Snapshot: 843
    0.352222222     1.000000000
Snapshot: 844
    0.354444444     1.000000000
Snapshot: 845
    0.356666667     1.000000000
Snapshot: 846
    0.358888889     1.000000000
Snapshot: 847
    0.361111111     1.000000000
Snapshot: 848
    0.363333333     1.000000000
Snapshot: 849
    0.365555556     1.000000000
Snapshot: 850
    0.367777778     1.000000000
Snapshot: 851
    0.370000000     1.000000000
Snapshot: 852
    0.372222222     1.000000000
Snapshot: 853
    0.374444444     1.000000000
Snapshot: 854
    0.376666667     1.000000000
Snapshot: 855
    0.378888889     1.000000000
Snapshot: 856
    0.381111111     1.000000000
Snapshot: 857
    0.383333333     1.000000000
Snapshot: 858
    0.385555556     1.000000000
Snapshot: 859
    0.387777778     1.000000000
Snapshot: 860
    0.390000000     1.000000000
Snapshot: 861
    0.392222222     1.000000000
Snapshot: 862
    0.394444444     1.000000000
Snapshot: 863
    0.396666667     1.000000000
Snapshot: 864
    0.398888889     1.000000000
Snapshot: 865
    0.401111111     1.000000000
Snapshot: 866
    0.403333333     1.000000000
Snapshot: 867
    0.405555556     1.000000000
Snapshot: 868
    0.407777778     1.000000000
Snapshot: 869
    0.410000000     1.000000000
Snapshot: 870
    0.412222222     1.000000000
Snapshot: 871
    0.414444444     1.000000000
Snapshot: 872
    0.416666667     1.000000000
Snapshot: 873
    0.418888889     1.000000000
Snapshot: 874
    0.421111111     1.000000000
Snapshot: 875
    0.423333333     1.000000000
Snapshot: 876
    0.425555556     1.000000000
Snapshot: 877
    0.427777778     1.000000000
Snapshot: 878
    0.430000000     1.000000000
Snapshot: 879
    0.432222222     1.000000000
Snapshot: 880
    0.434444444     1.000000000
Snapshot: 881
    0.436666667     1.000000000
Snapshot: 882
    0.438888889     1.000000000
Snapshot: 883
    0.441111111     1.000000000
Snapshot: 884
    0.443333333     1.000000000
Snapshot: 885
    0.445555556     1.000000000
Snapshot: 886
    0.447777778     1.000000000
Snapshot: 887
    0.450000000     1.000000000
Snapshot: 888
    0.452222222     1.000000000
Snapshot: 889
    0.454444444     1.000000000
Snapshot: 890
    0.456666667     1.000000000
Snapshot: 891
    0.458888889     1.000000000
Snapshot: 892
    0.461111111     1.000000000
Snapshot: 893
    0.463333333     1.000000000
Snapshot: 894
    0.465555556     1.000000000
Snapshot: 895
    0.467777778     1.000000000
Snapshot: 896
    0.470000000     1.000000000
Snapshot: 897
    0.472222222     1.000000000
Snapshot: 898
    0.474444444     1.000000000
Snapshot: 899
    0.476666667     1.000000000
Snapshot: 900
    0.478888889     1.000000000
Snapshot: 901
    0.481111111     1.000000000
Snapshot: 902
    0.483333333     1.000000000
Snapshot: 903
    0.485555556     1.000000000
Snapshot: 904
    0.487777778     1.000000000
Snapshot: 905
    0.490000000     1.000000000
Snapshot: 906
    0.492222222     1.000000000
Snapshot: 907
    0.494444444     1.000000000
Snapshot: 908
    0.496666667     1.000000000
Snapshot: 909
    0.498888889     1.000000000
Snapshot: 910
    0.501111111     1.000000000
Snapshot: 911
    0.503333333     1.000000000
Snapshot: 912
    0.505555556     1.000000000
Snapshot: 913
    0.507777778     1.000000000
Snapshot: 914
    0.510000000     1.000000000
Snapshot: 915
    0.390000000     1.000000000
Snapshot: 916
    0.392222222     1.000000000
Snapshot: 917
    0.394444444     1.000000000
Snapshot: 918
    0.396666667     1.000000000
Snapshot: 919
    0.398888889     1.000000000
Snapshot: 920
    0.401111111     1.000000000
Snapshot: 921
    0.403333333     1.000000000
Snapshot: 922
    0.405555556     1.000000000
Snapshot: 923
    0.407777778     1.000000000
Snapshot: 924
    0.410000000     1.000000000
Snapshot: 925
    0.412222222     1.000000000
Snapshot: 926
    0.414444444     1.000000000
Snapshot: 927
    0.416666667     1.000000000
Snapshot: 928
    0.418888889     1.000000000
Snapshot: 929
    0.421111111     1.000000000
Snapshot: 930
    0.423333333     1.000000000
Snapshot: 931
    0.425555556     1.000000000
Snapshot: 932
    0.427777778     1.000000000
Snapshot: 933
    0.430000000     1.000000000
Snapshot: 934
    0.432222222     1.000000000
Snapshot: 935
    0.434444444     1.000000000
Snapshot: 936
    0.436666667     1.000000000
Snapshot: 937
    0.438888889     1.000000000
Snapshot: 938
    0.441111111     1.000000000
Snapshot: 939
    0.443333333     1.000000000
Snapshot: 940
    0.445555556     1.000000000
Snapshot: 941
    0.447777778     1.000000000
Snapshot: 942
    0.450000000     1.000000000
Snapshot: 943
    0.452222222     1.000000000
Snapshot: 944
    0.454444444     1.000000000
Snapshot: 945
    0.456666667     1.000000000
Snapshot: 946
    0.458888889     1.000000000
Snapshot: 947
    0.461111111     1.000000000
Snapshot: 948
    0.463333333     1.000000000
Snapshot: 949
    0.465555556     1.000000000
Snapshot: 950
    0.467777778     1.000000000
Snapshot: 951
    0.470000000     1.000000000
Snapshot: 952
    0.472222222     1.000000000
Snapshot: 953
    0.474444444     1.000000000
Snapshot: 954
    0.476666667     1.000000000
Snapshot: 955
    0.478888889     1.000000000
Snapshot: 956
    0.481111111     1.000000000
Snapshot: 957
    0.483333333     1.000000000
Snapshot: 958
    0.485555556     1.000000000
Snapshot: 959
    0.487777778     1.000000000
Snapshot: 960
    0.490000000     1.000000000
Snapshot: 961
    0.492222222     1.000000000
Snapshot: 962
    0.494444444     1.000000000
Snapshot: 963
    0.496666667     1.000000000
Snapshot: 964
    0.498888889     1.000000000
Snapshot: 965
    0.501111111     1.000000000
Snapshot: 966
    0.503333333     1.000000000
Snapshot: 967
    0.505555556     1.000000000
Snapshot: 968
    0.507777778     1.000000000
Snapshot: 969
    0.510000000     1.000000000
Snapshot: 970
    0.512222222     1.000000000
Snapshot: 971
    0.514444444     1.000000000
Snapshot: 972
    0.516666667     1.000000000
Snapshot: 973
    0.518888889     1.000000000
Snapshot: 974
    0.521111111     1.000000000
Snapshot: 975
    0.523333333     1.000000000
Snapshot: 976
    0.525555556     1.000000000
Snapshot: 977
    0.527777778     1.000000000
Snapshot: 978
    0.530000000     1.000000000
Snapshot: 979
    0.532222222     1.000000000
Snapshot: 980
    0.534444444     1.000000000
Snapshot: 981
    0.536666667     1.000000000
Snapshot: 982
    0.538888889     1.000000000
Snapshot: 983
    0.541111111     1.000000000
Snapshot: 984
    0.543333333     1.000000000
Snapshot: 985
    0.545555556     1.000000000
Snapshot: 986
    0.547777778     1.000000000
Snapshot: 987
    0.550000000     1.000000000
Snapshot: 988
    0.552222222     1.000000000
Snapshot: 989
    0.554444444     1.000000000
Snapshot: 990
    0.556666667     1.000000000
Snapshot: 991
    0.558888889     1.000000000
Snapshot: 992
    0.561111111     1.000000000
Snapshot: 993
    0.563333333     1.000000000
Snapshot: 994
    0.565555556     1.000000000
Snapshot: 995
    0.567777778     1.000000000
Snapshot: 996
    0.570000000     1.000000000
Snapshot: 997
    0.572222222     1.000000000
Snapshot: 998
    0.574444444     1.000000000
Snapshot: 999
    0.576666667     1.000000000
Snapshot: 1000
    0.578888889     1.000000000
Snapshot: 1001
    0.581111111     1.000000000
Snapshot: 1002
    0.583333333     1.000000000
Snapshot: 1003
    0.585555556     1.000000000
Snapshot: 1004
    0.587777778     1.000000000
Snapshot: 1005
    0.590000000     1.000000000
Snapshot: 1006
    0.592222222     1.000000000
Snapshot: 1007
    0.594444444     1.000000000
Snapshot: 1008
    0.596666667     1.000000000
Snapshot: 1009
    0.598888889     1.000000000
Snapshot: 1010
    0.601111111     1.000000000
Snapshot: 1011
    0.603333333     1.000000000
Snapshot: 1012
    0.605555556     1.000000000
Snapshot: 1013
    0.607777778     1.000000000
Snapshot: 1014
    0.610000000     1.000000000
Snapshot: 1015
    0.490000000     1.000000000
Snapshot: 1016
    0.492222222     1.000000000
Snapshot: 1017
    0.494444444     1.000000000
Snapshot: 1018
    0.496666667     1.000000000
Snapshot: 1019
    0.498888889     1.000000000
Snapshot: 1020
    0.501111111     1.000000000
Snapshot: 1021
    0.503333333     1.000000000
Snapshot: 1022
    0.505555556     1.000000000
Snapshot: 1023
    0.507777778     1.000000000
Snapshot: 1024
    0.510000000     1.000000000
Snapshot: 1025
    0.512222222     1.000000000
Snapshot: 1026
    0.514444444     1.000000000
Snapshot: 1027
    0.516666667     1.000000000
Snapshot: 1028
    0.518888889     1.000000000
Snapshot: 1029
    0.521111111     1.000000000
Snapshot: 1030
    0.523333333     1.000000000
Snapshot: 1031
    0.525555556     1.000000000
Snapshot: 1032
    0.527777778     1.000000000
Snapshot: 1033
    0.530000000     1.000000000
Snapshot: 1034
    0.532222222     1.000000000
Snapshot: 1035
    0.534444444     1.000000000
Snapshot: 1036
    0.536666667     1.000000000
Snapshot: 1037
    0.538888889     1.000000000
Snapshot: 1038
    0.541111111     1.000000000
Snapshot: 1039
    0.543333333     1.000000000
Snapshot: 1040
    0.545555556     1.000000000
Snapshot: 1041
    0.547777778     1.000000000
Snapshot: 1042
    0.550000000     1.000000000
Snapshot: 1043
    0.552222222     1.000000000
Snapshot: 1044
    0.554444444     1.000000000
Snapshot: 1045
    0.556666667     1.000000000
Snapshot: 1046
    0.558888889     1.000000000
Snapshot: 1047
    0.561111111     1.000000000
Snapshot: 1048
    0.563333333     1.000000000
Snapshot: 1049
    0.565555556     1.000000000
Snapshot: 1050
    0.567777778     1.000000000
Snapshot: 1051
    0.570000000     1.000000000
Snapshot: 1052
    0.572222222     1.000000000
Snapshot: 1053
    0.574444444     1.000000000
Snapshot: 1054
    0.576666667     1.000000000
Snapshot: 1055
    0.578888889     1.000000000
Snapshot: 1056
    0.581111111     1.000000000
Snapshot: 1057
    0.583333333     1.000000000
Snapshot: 1058
    0.585555556     1.000000000
Snapshot: 1059
    0.587777778     1.000000000
Snapshot: 1060
    0.590000000     1.000000000
Snapshot: 1061
    0.592222222     1.000000000
Snapshot: 1062
    0.594444444     1.000000000
Snapshot: 1063
    0.596666667     1.000000000
Snapshot: 1064
    0.598888889     1.000000000
Snapshot: 1065
    0.601111111     1.000000000
Snapshot: 1066
    0.603333333     1.000000000
Snapshot: 1067
    0.605555556     1.000000000
Snapshot: 1068
    0.607777778     1.000000000
Snapshot: 1069
    0.610000000     1.000000000
Snapshot: 1070
    0.612222222     1.000000000
Snapshot: 1071
    0.614444444     1.000000000
Snapshot: 1072
    0.616666667     1.000000000
Snapshot: 1073
    0.618888889     1.000000000
Snapshot: 1074
    0.621111111     1.000000000
Snapshot: 1075
    0.623333333     1.000000000
Snapshot: 1076
    0.625555556     1.000000000
Snapshot: 1077
    0.627777778     1.000000000
Snapshot: 1078
    0.630000000     1.000000000
Snapshot: 1079
    0.632222222     1.000000000
Snapshot: 1080
    0.634444444     1.000000000
Snapshot: 1081
    0.636666667     1.000000000
Snapshot: 1082
    0.638888889     1.000000000
Snapshot: 1083
    0.641111111     1.000000000
Snapshot: 1084
    0.643333333     1.000000000
Snapshot: 1085
    0.645555556     1.000000000
Snapshot: 1086
    0.647777778     1.000000000
Snapshot: 1087
    0.650000000     1.000000000
Snapshot: 1088
    0.652222222     1.000000000
Snapshot: 1089
    0.654444444     1.000000000
Snapshot: 1090
    0.656666667     1.000000000
Snapshot: 1091
    0.658888889     1.000000000
Snapshot: 1092
    0.661111111     1.000000000
Snapshot: 1093
    0.663333333     1.000000000
Snapshot: 1094
    0.665555556     1.000000000
Snapshot: 1095
    0.667777778     1.000000000
Snapshot: 1096
    0.670000000     1.000000000
Snapshot: 1097
    0.672222222     1.000000000
Snapshot: 1098
    0.674444444     1.000000000
Snapshot: 1099
    0.676666667     1.000000000
Snapshot: 1100
    0.678888889     1.000000000
Snapshot: 1101
    0.681111111     1.000000000
Snapshot: 1102
    0.683333333     1.000000000
Snapshot: 1103
    0.685555556     1.000000000
Snapshot: 1104
    0.687777778     1.000000000
Snapshot: 1105
    0.690000000     1.000000000
Snapshot: 1106
    0.692222222     1.000000000
Snapshot: 1107
    0.694444444     1.000000000
Snapshot: 1108
    0.696666667     1.000000000
Snapshot: 1109
    0.698888889     1.000000000
Snapshot: 1110
    0.701111111     1.000000000
Snapshot: 1111
    0.703333333     1.000000000
Snapshot: 1112
    0.705555556     1.000000000
Snapshot: 1113
    0.707777778     1.000000000
Snapshot: 1114
    0.710000000     1.000000000
Snapshot: 1115
    0.590000000     1.000000000
Snapshot: 1116
    0.592222222     1.000000000
Snapshot: 1117
    0.594444444     1.000000000
Snapshot: 1118
    0.596666667     1.000000000
Snapshot: 1119
    0.598888889     1.000000000
Snapshot: 1120
    0.601111111     1.000000000
Snapshot: 1121
    0.603333333     1.000000000
Snapshot: 1122
    0.605555556     1.000000000
Snapshot: 1123
    0.607777778     1.000000000
Snapshot: 1124
    0.610000000     1.000000000
Snapshot: 1125
    0.612222222     1.000000000
Snapshot: 1126
    0.614444444     1.000000000
Snapshot: 1127
    0.616666667     1.000000000
Snapshot: 1128
    0.618888889     1.000000000
Snapshot: 1129
    0.621111111     1.000000000
Snapshot: 1130
    0.623333333     1.000000000
Snapshot: 1131
    0.625555556     1.000000000
Snapshot: 1132
    0.627777778     1.000000000
Snapshot: 1133
    0.630000000     1.000000000
Snapshot: 1134
    0.632222222     1.000000000
Snapshot: 1135
    0.634444444     1.000000000
Snapshot: 1136
    0.636666667     1.000000000
Snapshot: 1137
    0.638888889     1.000000000
Snapshot: 1138
    0.641111111     1.000000000
Snapshot: 1139
    0.643333333     1.000000000
Snapshot: 1140
    0.645555556     1.000000000
Snapshot: 1141
    0.647777778     1.000000000
Snapshot: 1142
    0.650000000     1.000000000
Snapshot: 1143
    0.652222222     1.000000000
Snapshot: 1144
    0.654444444     1.000000000
Snapshot: 1145
    0.656666667     1.000000000
Snapshot: 1146
    0.658888889     1.000000000
Snapshot: 1147
    0.661111111     1.000000000
Snapshot: 1148
    0.663333333     1.000000000
Snapshot: 1149
    0.665555556     1.000000000
Snapshot: 1150
    0.667777778     1.000000000
Snapshot: 1151
    0.670000000     1.000000000
Snapshot: 1152
    0.672222222     1.000000000
Snapshot: 1153
    0.674444444     1.000000000
Snapshot: 1154
    0.676666667     1.000000000
Snapshot: 1155
    0.678888889     1.000000000
Snapshot: 1156
    0.681111111     1.000000000
Snapshot: 1157
    0.683333333     1.000000000
Snapshot: 1158
    0.685555556     1.000000000
Snapshot: 1159
    0.687777778     1.000000000
Snapshot: 1160
    0.690000000     1.000000000
Snapshot: 1161
    0.692222222     1.000000000
Snapshot: 1162
    0.694444444     1.000000000
Snapshot: 1163
    0.696666667     1.000000000
Snapshot: 1164
    0.698888889     1.000000000
Snapshot: 1165
    0.701111111     1.000000000
Snapshot: 1166
    0.703333333     1.000000000
Snapshot: 1167
    0.705555556     1.000000000
Snapshot: 1168
    0.707777778     1.000000000
Snapshot: 1169
    0.710000000     1.000000000
Snapshot: 1170
    0.712222222     1.000000000
Snapshot: 1171
    0.714444444     1.000000000
Snapshot: 1172
    0.716666667     1.000000000
Snapshot: 1173
    0.718888889     1.000000000
Snapshot: 1174
    0.721111111     1.000000000
Snapshot: 1175
    0.723333333     1.000000000
Snapshot: 1176
    0.725555556     1.000000000
Snapshot: 1177
    0.727777778     1.000000000
Snapshot: 1178
    0.730000000     1.000000000
Snapshot: 1179
    0.732222222     1.000000000
Snapshot: 1180
    0.734444444     1.000000000
Snapshot: 1181
    0.736666667     1.000000000
Snapshot: 1182
    0.738888889     1.000000000
Snapshot: 1183
    0.741111111     1.000000000
Snapshot: 1184
    0.743333333     1.000000000
Snapshot: 1185
    0.745555556     1.000000000
Snapshot: 1186
    0.747777778     1.000000000
Snapshot: 1187
    0.750000000     1.000000000
Snapshot: 1188
    0.752222222     1.000000000
Snapshot: 1189
    0.754444444     1.000000000
Snapshot: 1190
    0.756666667     1.000000000
Snapshot: 1191
    0.758888889     1.000000000
Snapshot: 1192
    0.761111111     1.000000000
Snapshot: 1193
    0.763333333     1.000000000
Snapshot: 1194
    0.765555556     1.000000000
Snapshot: 1195
    0.767777778     1.000000000
Snapshot: 1196
    0.770000000     1.000000000
Snapshot: 1197
    0.772222222     1.000000000
Snapshot: 1198
    0.774444444     1.000000000
Snapshot: 1199
    0.776666667     1.000000000
Snapshot: 1200
    0.778888889     1.000000000
Snapshot: 1201
    0.781111111     1.000000000
Snapshot: 1202
    0.783333333     1.000000000
Snapshot: 1203
    0.785555556     1.000000000
Snapshot: 1204
    0.787777778     1.000000000
Snapshot: 1205
    0.790000000     1.000000000
Snapshot: 1206
    0.792222222     1.000000000
Snapshot: 1207
    0.794444444     1.000000000
Snapshot: 1208
    0.796666667     1.000000000
Snapshot: 1209
    0.798888889     1.000000000
Snapshot: 1210
    0.801111111     1.000000000
Snapshot: 1211
    0.803333333     1.000000000
Snapshot: 1212
    0.805555556     1.000000000
Snapshot: 1213
    0.807777778     1.000000000
Snapshot: 1214
    0.810000000     1.000000000
Snapshot: 1215
    0.690000000     1.000000000
Snapshot: 1216
    0.693232323     1.000000000
Snapshot: 1217
    0.696464646     1.000000000
Snapshot: 1218
    0.699696970     1.000000000
Snapshot: 1219
    0.702929293     1.000000000
Snapshot: 1220
    0.706161616     1.000000000
Snapshot: 1221
    0.709393939     1.000000000
Snapshot: 1222
    0.712626263     1.000000000
Snapshot: 1223
    0.715858586     1.000000000
Snapshot: 1224
    0.719090909     1.000000000
Snapshot: 1225
    0.722323232     1.000000000
Snapshot: 1226
    0.725555556     1.000000000
Snapshot: 1227
    0.728787879     1.000000000
Snapshot: 1228
    0.732020202     1.000000000
Snapshot: 1229
    0.735252525     1.000000000
Snapshot: 1230
    0.738484848     1.000000000
Snapshot: 1231
    0.741717172     1.000000000
Snapshot: 1232
    0.744949495     1.000000000
Snapshot: 1233
    0.748181818     1.000000000
Snapshot: 1234
    0.751414141     1.000000000
Snapshot: 1235
    0.754646465     1.000000000
Snapshot: 1236
    0.757878788     1.000000000
Snapshot: 1237
    0.761111111     1.000000000
Snapshot: 1238
    0.764343434     1.000000000
Snapshot: 1239
    0.767575758     1.000000000
Snapshot: 1240
    0.770808081     1.000000000
Snapshot: 1241
    0.774040404     1.000000000
Snapshot: 1242
    0.777272727     1.000000000
Snapshot: 1243
    0.780505051     1.000000000
Snapshot: 1244
    0.783737374     1.000000000
Snapshot: 1245
    0.786969697     1.000000000
Snapshot: 1246
    0.790202020     1.000000000
Snapshot: 1247
    0.793434343     1.000000000
Snapshot: 1248
    0.796666667     1.000000000
Snapshot: 1249
    0.799898990     1.000000000
Snapshot: 1250
    0.803131313     1.000000000
Snapshot: 1251
    0.806363636     1.000000000
Snapshot: 1252
    0.809595960     1.000000000
Snapshot: 1253
    0.812828283     1.000000000
Snapshot: 1254
    0.816060606     1.000000000
Snapshot: 1255
    0.819292929     1.000000000
Snapshot: 1256
    0.822525253     1.000000000
Snapshot: 1257
    0.825757576     1.000000000
Snapshot: 1258
    0.828989899     1.000000000
Snapshot: 1259
    0.832222222     1.000000000
Snapshot: 1260
    0.835454545     1.000000000
Snapshot: 1261
    0.838686869     1.000000000
Snapshot: 1262
    0.841919192     1.000000000
Snapshot: 1263
    0.845151515     1.000000000
Snapshot: 1264
    0.848383838     1.000000000
Snapshot: 1265
    0.851616162     1.000000000
Snapshot: 1266
    0.854848485     1.000000000
Snapshot: 1267
    0.858080808     1.000000000
Snapshot: 1268
    0.861313131     1.000000000
Snapshot: 1269
    0.864545455     1.000000000
Snapshot: 1270
    0.867777778     1.000000000
Snapshot: 1271
    0.871010101     1.000000000
Snapshot: 1272
    0.874242424     1.000000000
Snapshot: 1273
    0.877474747     1.000000000
Snapshot: 1274
    0.880707071     1.000000000
Snapshot: 1275
    0.883939394     1.000000000
Snapshot: 1276
    0.887171717     1.000000000
Snapshot: 1277
    0.890404040     1.000000000
Snapshot: 1278
    0.893636364     1.000000000
Snapshot: 1279
    0.896868687     1.000000000
Snapshot: 1280
    0.900101010     1.000000000
Snapshot: 1281
    0.903333333     1.000000000
Snapshot: 1282
    0.906565657     1.000000000
Snapshot: 1283
    0.909797980     1.000000000
Snapshot: 1284
    0.913030303     1.000000000
Snapshot: 1285
    0.916262626     1.000000000
Snapshot: 1286
    0.919494949     1.000000000
Snapshot: 1287
    0.922727273     1.000000000
Snapshot: 1288
    0.925959596     1.000000000
Snapshot: 1289
    0.929191919     1.000000000
Snapshot: 1290
    0.932424242     1.000000000
Snapshot: 1291
    0.935656566     1.000000000
Snapshot: 1292
    0.938888889     1.000000000
Snapshot: 1293
    0.942121212     1.000000000
Snapshot: 1294
    0.945353535     1.000000000
Snapshot: 1295
    0.948585859     1.000000000
Snapshot: 1296
    0.951818182     1.000000000
Snapshot: 1297
    0.955050505     1.000000000
Snapshot: 1298
    0.958282828     1.000000000
Snapshot: 1299
    0.961515152     1.000000000
Snapshot: 1300
    0.964747475     1.000000000
Snapshot: 1301
    0.967979798     1.000000000
Snapshot: 1302
    0.971212121     1.000000000
Snapshot: 1303
    0.974444444     1.000000000
Snapshot: 1304
    0.977676768     1.000000000
Snapshot: 1305
    0.980909091     1.000000000
Snapshot: 1306
    0.984141414     1.000000000
Snapshot: 1307
    0.987373737     1.000000000
Snapshot: 1308
    0.990606061     1.000000000
Snapshot: 1309
    0.993838384     1.000000000
Snapshot: 1310
    0.997070707     1.000000000
Snapshot: 1311
    1.000303030     1.000000000
Snapshot: 1312
    1.003535354     1.000000000
Snapshot: 1313
    1.006767677     1.000000000
Snapshot: 1314
    1.010000000     1.000000000
