# Cycle: 0, status: ACC
 Snapshot 0
-0.98     1.
 Snapshot 0
-1.2     1.
 Snapshot 0
-1.25     1.
 Snapshot 0
-1.3     1.
 Snapshot 0
-1.25     1.
 Snapshot 0
-1.15     1.
 Snapshot 0
-1.05     1.
 Snapshot 0
-0.98     1.
 Snapshot 0
-1.0     1.
 Snapshot 0
-0.988     1.
 Snapshot 0
-0.95     1.
 Snapshot 0
-0.92     1.
 Snapshot 0
-0.95     1.
 Snapshot 0
-0.988     1.
 Snapshot 0
-1.0     1.
 Snapshot 0
-1.0     1.
 Snapshot 0
-0.9968686868686869     1.
 Snapshot 0
-0.9937373737373737     1.
 Snapshot 0
-0.9906060606060606     1.
 Snapshot 0
-0.9874747474747475     1.
 Snapshot 0
-0.9843434343434343     1.
 Snapshot 0
-0.9812121212121212     1.
 Snapshot 0
-0.9780808080808081     1.
 Snapshot 0
-0.9749494949494949     1.
 Snapshot 0
-0.9718181818181818     1.
 Snapshot 0
-0.9686868686868687     1.
 Snapshot 0
-0.9655555555555555     1.
 Snapshot 0
-0.9624242424242424     1.
 Snapshot 0
-0.9592929292929293     1.
 Snapshot 0
-0.9561616161616161     1.
 Snapshot 0
-0.953030303030303     1.
 Snapshot 0
-0.9498989898989899     1.
 Snapshot 0
-0.9467676767676767     1.
 Snapshot 0
-0.9436363636363636     1.
 Snapshot 0
-0.9405050505050505     1.
 Snapshot 0
-0.9373737373737374     1.
 Snapshot 0
-0.9342424242424242     1.
 Snapshot 0
-0.9311111111111111     1.
 Snapshot 0
-0.9279797979797979     1.
 Snapshot 0
-0.9248484848484848     1.
 Snapshot 0
-0.9217171717171717     1.
 Snapshot 0
-0.9185858585858586     1.
 Snapshot 0
-0.9154545454545454     1.
 Snapshot 0
-0.9123232323232323     1.
 Snapshot 0
-0.9091919191919192     1.
 Snapshot 0
-0.906060606060606     1.
 Snapshot 0
-0.9029292929292929     1.
 Snapshot 0
-0.8997979797979798     1.
 Snapshot 0
-0.8966666666666666     1.
 Snapshot 0
-0.8935353535353535     1.
 Snapshot 0
-0.8904040404040404     1.
 Snapshot 0
-0.8872727272727272     1.
 Snapshot 0
-0.8841414141414141     1.
 Snapshot 0
-0.881010101010101     1.
 Snapshot 0
-0.8778787878787878     1.
 Snapshot 0
-0.8747474747474747     1.
 Snapshot 0
-0.8716161616161616     1.
 Snapshot 0
-0.8684848484848484     1.
 Snapshot 0
-0.8653535353535353     1.
 Snapshot 0
-0.8622222222222222     1.
 Snapshot 0
-0.8590909090909091     1.
 Snapshot 0
-0.8559595959595959     1.
 Snapshot 0
-0.8528282828282828     1.
 Snapshot 0
-0.8496969696969696     1.
 Snapshot 0
-0.8465656565656565     1.
 Snapshot 0
-0.8434343434343434     1.
 Snapshot 0
-0.8403030303030303     1.
 Snapshot 0
-0.8371717171717171     1.
 Snapshot 0
-0.834040404040404     1.
 Snapshot 0
-0.8309090909090908     1.
 Snapshot 0
-0.8277777777777777     1.
 Snapshot 0
-0.8246464646464646     1.
 Snapshot 0
-0.8215151515151515     1.
 Snapshot 0
-0.8183838383838383     1.
 Snapshot 0
-0.8152525252525252     1.
 Snapshot 0
-0.812121212121212     1.
 Snapshot 0
-0.8089898989898989     1.
 Snapshot 0
-0.8058585858585858     1.
 Snapshot 0
-0.8027272727272727     1.
 Snapshot 0
-0.7995959595959595     1.
 Snapshot 0
-0.7964646464646464     1.
 Snapshot 0
-0.7933333333333332     1.
 Snapshot 0
-0.7902020202020201     1.
 Snapshot 0
-0.787070707070707     1.
 Snapshot 0
-0.7839393939393939     1.
 Snapshot 0
-0.7808080808080807     1.
 Snapshot 0
-0.7776767676767676     1.
 Snapshot 0
-0.7745454545454545     1.
 Snapshot 0
-0.7714141414141413     1.
 Snapshot 0
-0.7682828282828282     1.
 Snapshot 0
-0.7651515151515151     1.
 Snapshot 0
-0.7620202020202019     1.
 Snapshot 0
-0.7588888888888888     1.
 Snapshot 0
-0.7557575757575757     1.
 Snapshot 0
-0.7526262626262625     1.
 Snapshot 0
-0.7494949494949494     1.
 Snapshot 0
-0.7463636363636363     1.
 Snapshot 0
-0.7432323232323232     1.
 Snapshot 0
-0.74010101010101     1.
 Snapshot 0
-0.7369696969696969     1.
 Snapshot 0
-0.7338383838383837     1.
 Snapshot 0
-0.7307070707070706     1.
 Snapshot 0
-0.7275757575757575     1.
 Snapshot 0
-0.7244444444444444     1.
 Snapshot 0
-0.7213131313131312     1.
 Snapshot 0
-0.7181818181818181     1.
 Snapshot 0
-0.7150505050505049     1.
 Snapshot 0
-0.7119191919191918     1.
 Snapshot 0
-0.7087878787878787     1.
 Snapshot 0
-0.7056565656565656     1.
 Snapshot 0
-0.7025252525252524     1.
 Snapshot 0
-0.6993939393939393     1.
 Snapshot 0
-0.6962626262626261     1.
 Snapshot 0
-0.693131313131313     1.
 Snapshot 0
-0.69     1.
 Snapshot 0
-0.81     1.
 Snapshot 0
-0.8077777777777778     1.
 Snapshot 0
-0.8055555555555556     1.
 Snapshot 0
-0.8033333333333333     1.
 Snapshot 0
-0.8011111111111111     1.
 Snapshot 0
-0.798888888888889     1.
 Snapshot 0
-0.7966666666666667     1.
 Snapshot 0
-0.7944444444444445     1.
 Snapshot 0
-0.7922222222222223     1.
 Snapshot 0
-0.79     1.
 Snapshot 0
-0.7877777777777778     1.
 Snapshot 0
-0.7855555555555556     1.
 Snapshot 0
-0.7833333333333333     1.
 Snapshot 0
-0.7811111111111112     1.
 Snapshot 0
-0.778888888888889     1.
 Snapshot 0
-0.7766666666666667     1.
 Snapshot 0
-0.7744444444444445     1.
 Snapshot 0
-0.7722222222222223     1.
 Snapshot 0
-0.77     1.
 Snapshot 0
-0.7677777777777778     1.
 Snapshot 0
-0.7655555555555555     1.
 Snapshot 0
-0.7633333333333334     1.
 Snapshot 0
-0.7611111111111112     1.
 Snapshot 0
-0.758888888888889     1.
 Snapshot 0
-0.7566666666666667     1.
 Snapshot 0
-0.7544444444444445     1.
 Snapshot 0
-0.7522222222222222     1.
 Snapshot 0
-0.75     1.
 Snapshot 0
-0.7477777777777778     1.
 Snapshot 0
-0.7455555555555555     1.
 Snapshot 0
-0.7433333333333334     1.
 Snapshot 0
-0.7411111111111112     1.
 Snapshot 0
-0.7388888888888889     1.
 Snapshot 0
-0.7366666666666667     1.
 Snapshot 0
-0.7344444444444445     1.
 Snapshot 0
-0.7322222222222222     1.
 Snapshot 0
-0.73     1.
 Snapshot 0
-0.7277777777777779     1.
 Snapshot 0
-0.7255555555555556     1.
 Snapshot 0
-0.7233333333333334     1.
 Snapshot 0
-0.7211111111111111     1.
 Snapshot 0
-0.7188888888888889     1.
 Snapshot 0
-0.7166666666666667     1.
 Snapshot 0
-0.7144444444444444     1.
 Snapshot 0
-0.7122222222222222     1.
 Snapshot 0
-0.71     1.
 Snapshot 0
-0.7077777777777778     1.
 Snapshot 0
-0.7055555555555556     1.
 Snapshot 0
-0.7033333333333334     1.
 Snapshot 0
-0.7011111111111111     1.
 Snapshot 0
-0.6988888888888889     1.
 Snapshot 0
-0.6966666666666667     1.
 Snapshot 0
-0.6944444444444444     1.
 Snapshot 0
-0.6922222222222222     1.
 Snapshot 0
-0.69     1.
 Snapshot 0
-0.6877777777777778     1.
 Snapshot 0
-0.6855555555555556     1.
 Snapshot 0
-0.6833333333333333     1.
 Snapshot 0
-0.6811111111111111     1.
 Snapshot 0
-0.6788888888888889     1.
 Snapshot 0
-0.6766666666666666     1.
 Snapshot 0
-0.6744444444444444     1.
 Snapshot 0
-0.6722222222222223     1.
 Snapshot 0
-0.67     1.
 Snapshot 0
-0.6677777777777778     1.
 Snapshot 0
-0.6655555555555556     1.
 Snapshot 0
-0.6633333333333333     1.
 Snapshot 0
-0.6611111111111111     1.
 Snapshot 0
-0.6588888888888889     1.
 Snapshot 0
-0.6566666666666666     1.
 Snapshot 0
-0.6544444444444444     1.
 Snapshot 0
-0.6522222222222223     1.
 Snapshot 0
-0.65     1.
 Snapshot 0
-0.6477777777777778     1.
 Snapshot 0
-0.6455555555555555     1.
 Snapshot 0
-0.6433333333333333     1.
 Snapshot 0
-0.6411111111111111     1.
 Snapshot 0
-0.6388888888888888     1.
 Snapshot 0
-0.6366666666666667     1.
 Snapshot 0
-0.6344444444444444     1.
 Snapshot 0
-0.6322222222222222     1.
 Snapshot 0
-0.63     1.
 Snapshot 0
-0.6277777777777778     1.
 Snapshot 0
-0.6255555555555555     1.
 Snapshot 0
-0.6233333333333333     1.
 Snapshot 0
-0.6211111111111111     1.
 Snapshot 0
-0.6188888888888888     1.
 Snapshot 0
-0.6166666666666667     1.
 Snapshot 0
-0.6144444444444445     1.
 Snapshot 0
-0.6122222222222222     1.
 Snapshot 0
-0.61     1.
 Snapshot 0
-0.6077777777777778     1.
 Snapshot 0
-0.6055555555555555     1.
 Snapshot 0
-0.6033333333333333     1.
 Snapshot 0
-0.6011111111111112     1.
 Snapshot 0
-0.5988888888888888     1.
 Snapshot 0
-0.5966666666666667     1.
 Snapshot 0
-0.5944444444444444     1.
 Snapshot 0
-0.5922222222222222     1.
 Snapshot 0
-0.59     1.
 Snapshot 0
-0.71     1.
 Snapshot 0
-0.7077777777777777     1.
 Snapshot 0
-0.7055555555555555     1.
 Snapshot 0
-0.7033333333333333     1.
 Snapshot 0
-0.7011111111111111     1.
 Snapshot 0
-0.6988888888888889     1.
 Snapshot 0
-0.6966666666666667     1.
 Snapshot 0
-0.6944444444444444     1.
 Snapshot 0
-0.6922222222222222     1.
 Snapshot 0
-0.69     1.
 Snapshot 0
-0.6877777777777777     1.
 Snapshot 0
-0.6855555555555555     1.
 Snapshot 0
-0.6833333333333333     1.
 Snapshot 0
-0.6811111111111111     1.
 Snapshot 0
-0.6788888888888889     1.
 Snapshot 0
-0.6766666666666666     1.
 Snapshot 0
-0.6744444444444444     1.
 Snapshot 0
-0.6722222222222222     1.
 Snapshot 0
-0.6699999999999999     1.
 Snapshot 0
-0.6677777777777778     1.
 Snapshot 0
-0.6655555555555556     1.
 Snapshot 0
-0.6633333333333333     1.
 Snapshot 0
-0.6611111111111111     1.
 Snapshot 0
-0.6588888888888889     1.
 Snapshot 0
-0.6566666666666666     1.
 Snapshot 0
-0.6544444444444444     1.
 Snapshot 0
-0.6522222222222221     1.
 Snapshot 0
-0.65     1.
 Snapshot 0
-0.6477777777777778     1.
 Snapshot 0
-0.6455555555555555     1.
 Snapshot 0
-0.6433333333333333     1.
 Snapshot 0
-0.6411111111111111     1.
 Snapshot 0
-0.6388888888888888     1.
 Snapshot 0
-0.6366666666666666     1.
 Snapshot 0
-0.6344444444444444     1.
 Snapshot 0
-0.6322222222222222     1.
 Snapshot 0
-0.63     1.
 Snapshot 0
-0.6277777777777778     1.
 Snapshot 0
-0.6255555555555555     1.
 Snapshot 0
-0.6233333333333333     1.
 Snapshot 0
-0.6211111111111111     1.
 Snapshot 0
-0.6188888888888888     1.
 Snapshot 0
-0.6166666666666667     1.
 Snapshot 0
-0.6144444444444445     1.
 Snapshot 0
-0.6122222222222222     1.
 Snapshot 0
-0.61     1.
 Snapshot 0
-0.6077777777777778     1.
 Snapshot 0
-0.6055555555555555     1.
 Snapshot 0
-0.6033333333333333     1.
 Snapshot 0
-0.6011111111111112     1.
 Snapshot 0
-0.5988888888888889     1.
 Snapshot 0
-0.5966666666666667     1.
 Snapshot 0
-0.5944444444444444     1.
 Snapshot 0
-0.5922222222222222     1.
 Snapshot 0
-0.59     1.
 Snapshot 0
-0.5877777777777777     1.
 Snapshot 0
-0.5855555555555556     1.
 Snapshot 0
-0.5833333333333333     1.
 Snapshot 0
-0.5811111111111111     1.
 Snapshot 0
-0.5788888888888889     1.
 Snapshot 0
-0.5766666666666667     1.
 Snapshot 0
-0.5744444444444444     1.
 Snapshot 0
-0.5722222222222222     1.
 Snapshot 0
-0.57     1.
 Snapshot 0
-0.5677777777777777     1.
 Snapshot 0
-0.5655555555555556     1.
 Snapshot 0
-0.5633333333333334     1.
 Snapshot 0
-0.5611111111111111     1.
 Snapshot 0
-0.5588888888888889     1.
 Snapshot 0
-0.5566666666666666     1.
 Snapshot 0
-0.5544444444444444     1.
 Snapshot 0
-0.5522222222222222     1.
 Snapshot 0
-0.55     1.
 Snapshot 0
-0.5477777777777778     1.
 Snapshot 0
-0.5455555555555556     1.
 Snapshot 0
-0.5433333333333333     1.
 Snapshot 0
-0.5411111111111111     1.
 Snapshot 0
-0.5388888888888889     1.
 Snapshot 0
-0.5366666666666666     1.
 Snapshot 0
-0.5344444444444445     1.
 Snapshot 0
-0.5322222222222222     1.
 Snapshot 0
-0.53     1.
 Snapshot 0
-0.5277777777777778     1.
 Snapshot 0
-0.5255555555555556     1.
 Snapshot 0
-0.5233333333333333     1.
 Snapshot 0
-0.5211111111111111     1.
 Snapshot 0
-0.518888888888889     1.
 Snapshot 0
-0.5166666666666666     1.
 Snapshot 0
-0.5144444444444445     1.
 Snapshot 0
-0.5122222222222222     1.
 Snapshot 0
-0.51     1.
 Snapshot 0
-0.5077777777777778     1.
 Snapshot 0
-0.5055555555555555     1.
 Snapshot 0
-0.5033333333333333     1.
 Snapshot 0
-0.5011111111111111     1.
 Snapshot 0
-0.4988888888888889     1.
 Snapshot 0
-0.4966666666666667     1.
 Snapshot 0
-0.49444444444444446     1.
 Snapshot 0
-0.4922222222222222     1.
 Snapshot 0
-0.49     1.
 Snapshot 0
-0.61     1.
 Snapshot 0
-0.6077777777777778     1.
 Snapshot 0
-0.6055555555555555     1.
 Snapshot 0
-0.6033333333333333     1.
 Snapshot 0
-0.6011111111111112     1.
 Snapshot 0
-0.5988888888888889     1.
 Snapshot 0
-0.5966666666666667     1.
 Snapshot 0
-0.5944444444444444     1.
 Snapshot 0
-0.5922222222222222     1.
 Snapshot 0
-0.59     1.
 Snapshot 0
-0.5877777777777777     1.
 Snapshot 0
-0.5855555555555555     1.
 Snapshot 0
-0.5833333333333334     1.
 Snapshot 0
-0.5811111111111111     1.
 Snapshot 0
-0.5788888888888889     1.
 Snapshot 0
-0.5766666666666667     1.
 Snapshot 0
-0.5744444444444444     1.
 Snapshot 0
-0.5722222222222222     1.
 Snapshot 0
-0.57     1.
 Snapshot 0
-0.5677777777777777     1.
 Snapshot 0
-0.5655555555555556     1.
 Snapshot 0
-0.5633333333333334     1.
 Snapshot 0
-0.5611111111111111     1.
 Snapshot 0
-0.5588888888888889     1.
 Snapshot 0
-0.5566666666666666     1.
 Snapshot 0
-0.5544444444444444     1.
 Snapshot 0
-0.5522222222222222     1.
 Snapshot 0
-0.55     1.
 Snapshot 0
-0.5477777777777778     1.
 Snapshot 0
-0.5455555555555556     1.
 Snapshot 0
-0.5433333333333333     1.
 Snapshot 0
-0.5411111111111111     1.
 Snapshot 0
-0.5388888888888889     1.
 Snapshot 0
-0.5366666666666666     1.
 Snapshot 0
-0.5344444444444445     1.
 Snapshot 0
-0.5322222222222223     1.
 Snapshot 0
-0.53     1.
 Snapshot 0
-0.5277777777777778     1.
 Snapshot 0
-0.5255555555555556     1.
 Snapshot 0
-0.5233333333333333     1.
 Snapshot 0
-0.5211111111111111     1.
 Snapshot 0
-0.518888888888889     1.
 Snapshot 0
-0.5166666666666667     1.
 Snapshot 0
-0.5144444444444445     1.
 Snapshot 0
-0.5122222222222222     1.
 Snapshot 0
-0.51     1.
 Snapshot 0
-0.5077777777777778     1.
 Snapshot 0
-0.5055555555555555     1.
 Snapshot 0
-0.5033333333333333     1.
 Snapshot 0
-0.5011111111111111     1.
 Snapshot 0
-0.4988888888888889     1.
 Snapshot 0
-0.4966666666666667     1.
 Snapshot 0
-0.49444444444444446     1.
 Snapshot 0
-0.4922222222222222     1.
 Snapshot 0
-0.49     1.
 Snapshot 0
-0.48777777777777775     1.
 Snapshot 0
-0.4855555555555556     1.
 Snapshot 0
-0.48333333333333334     1.
 Snapshot 0
-0.48111111111111116     1.
 Snapshot 0
-0.4788888888888889     1.
 Snapshot 0
-0.4766666666666667     1.
 Snapshot 0
-0.47444444444444445     1.
 Snapshot 0
-0.4722222222222222     1.
 Snapshot 0
-0.47     1.
 Snapshot 0
-0.4677777777777778     1.
 Snapshot 0
-0.4655555555555556     1.
 Snapshot 0
-0.4633333333333334     1.
 Snapshot 0
-0.46111111111111114     1.
 Snapshot 0
-0.4588888888888889     1.
 Snapshot 0
-0.45666666666666667     1.
 Snapshot 0
-0.45444444444444443     1.
 Snapshot 0
-0.45222222222222225     1.
 Snapshot 0
-0.45     1.
 Snapshot 0
-0.44777777777777783     1.
 Snapshot 0
-0.4455555555555556     1.
 Snapshot 0
-0.44333333333333336     1.
 Snapshot 0
-0.4411111111111111     1.
 Snapshot 0
-0.4388888888888889     1.
 Snapshot 0
-0.43666666666666665     1.
 Snapshot 0
-0.43444444444444447     1.
 Snapshot 0
-0.43222222222222223     1.
 Snapshot 0
-0.43000000000000005     1.
 Snapshot 0
-0.4277777777777778     1.
 Snapshot 0
-0.4255555555555556     1.
 Snapshot 0
-0.42333333333333334     1.
 Snapshot 0
-0.4211111111111111     1.
 Snapshot 0
-0.4188888888888889     1.
 Snapshot 0
-0.4166666666666667     1.
 Snapshot 0
-0.4144444444444445     1.
 Snapshot 0
-0.41222222222222227     1.
 Snapshot 0
-0.41000000000000003     1.
 Snapshot 0
-0.4077777777777778     1.
 Snapshot 0
-0.40555555555555556     1.
 Snapshot 0
-0.4033333333333333     1.
 Snapshot 0
-0.40111111111111114     1.
 Snapshot 0
-0.3988888888888889     1.
 Snapshot 0
-0.3966666666666667     1.
 Snapshot 0
-0.3944444444444445     1.
 Snapshot 0
-0.39222222222222225     1.
 Snapshot 0
-0.39     1.
 Snapshot 0
-0.51     1.
 Snapshot 0
-0.5077777777777778     1.
 Snapshot 0
-0.5055555555555555     1.
 Snapshot 0
-0.5033333333333333     1.
 Snapshot 0
-0.5011111111111111     1.
 Snapshot 0
-0.4988888888888889     1.
 Snapshot 0
-0.4966666666666667     1.
 Snapshot 0
-0.49444444444444446     1.
 Snapshot 0
-0.4922222222222222     1.
 Snapshot 0
-0.49     1.
 Snapshot 0
-0.48777777777777775     1.
 Snapshot 0
-0.4855555555555556     1.
 Snapshot 0
-0.48333333333333334     1.
 Snapshot 0
-0.4811111111111111     1.
 Snapshot 0
-0.4788888888888889     1.
 Snapshot 0
-0.4766666666666667     1.
 Snapshot 0
-0.47444444444444445     1.
 Snapshot 0
-0.4722222222222222     1.
 Snapshot 0
-0.47     1.
 Snapshot 0
-0.4677777777777778     1.
 Snapshot 0
-0.46555555555555556     1.
 Snapshot 0
-0.4633333333333333     1.
 Snapshot 0
-0.46111111111111114     1.
 Snapshot 0
-0.4588888888888889     1.
 Snapshot 0
-0.45666666666666667     1.
 Snapshot 0
-0.45444444444444443     1.
 Snapshot 0
-0.4522222222222222     1.
 Snapshot 0
-0.45     1.
 Snapshot 0
-0.4477777777777778     1.
 Snapshot 0
-0.44555555555555554     1.
 Snapshot 0
-0.44333333333333336     1.
 Snapshot 0
-0.4411111111111111     1.
 Snapshot 0
-0.4388888888888889     1.
 Snapshot 0
-0.43666666666666665     1.
 Snapshot 0
-0.4344444444444444     1.
 Snapshot 0
-0.43222222222222223     1.
 Snapshot 0
-0.43     1.
 Snapshot 0
-0.42777777777777776     1.
 Snapshot 0
-0.4255555555555556     1.
 Snapshot 0
-0.42333333333333334     1.
 Snapshot 0
-0.4211111111111111     1.
 Snapshot 0
-0.41888888888888887     1.
 Snapshot 0
-0.41666666666666663     1.
 Snapshot 0
-0.41444444444444445     1.
 Snapshot 0
-0.4122222222222222     1.
 Snapshot 0
-0.41     1.
 Snapshot 0
-0.4077777777777778     1.
 Snapshot 0
-0.40555555555555556     1.
 Snapshot 0
-0.4033333333333333     1.
 Snapshot 0
-0.4011111111111111     1.
 Snapshot 0
-0.39888888888888885     1.
 Snapshot 0
-0.39666666666666667     1.
 Snapshot 0
-0.39444444444444443     1.
 Snapshot 0
-0.3922222222222222     1.
 Snapshot 0
-0.39     1.
 Snapshot 0
-0.3877777777777778     1.
 Snapshot 0
-0.38555555555555554     1.
 Snapshot 0
-0.3833333333333333     1.
 Snapshot 0
-0.38111111111111107     1.
 Snapshot 0
-0.3788888888888889     1.
 Snapshot 0
-0.37666666666666665     1.
 Snapshot 0
-0.3744444444444444     1.
 Snapshot 0
-0.37222222222222223     1.
 Snapshot 0
-0.37     1.
 Snapshot 0
-0.36777777777777776     1.
 Snapshot 0
-0.3655555555555555     1.
 Snapshot 0
-0.3633333333333333     1.
 Snapshot 0
-0.3611111111111111     1.
 Snapshot 0
-0.35888888888888887     1.
 Snapshot 0
-0.35666666666666663     1.
 Snapshot 0
-0.35444444444444445     1.
 Snapshot 0
-0.3522222222222222     1.
 Snapshot 0
-0.35     1.
 Snapshot 0
-0.34777777777777774     1.
 Snapshot 0
-0.3455555555555555     1.
 Snapshot 0
-0.3433333333333333     1.
 Snapshot 0
-0.3411111111111111     1.
 Snapshot 0
-0.33888888888888885     1.
 Snapshot 0
-0.33666666666666667     1.
 Snapshot 0
-0.33444444444444443     1.
 Snapshot 0
-0.3322222222222222     1.
 Snapshot 0
-0.32999999999999996     1.
 Snapshot 0
-0.3277777777777777     1.
 Snapshot 0
-0.32555555555555554     1.
 Snapshot 0
-0.3233333333333333     1.
 Snapshot 0
-0.32111111111111107     1.
 Snapshot 0
-0.3188888888888889     1.
 Snapshot 0
-0.31666666666666665     1.
 Snapshot 0
-0.3144444444444444     1.
 Snapshot 0
-0.3122222222222222     1.
 Snapshot 0
-0.30999999999999994     1.
 Snapshot 0
-0.30777777777777776     1.
 Snapshot 0
-0.3055555555555555     1.
 Snapshot 0
-0.3033333333333333     1.
 Snapshot 0
-0.3011111111111111     1.
 Snapshot 0
-0.29888888888888887     1.
 Snapshot 0
-0.29666666666666663     1.
 Snapshot 0
-0.2944444444444444     1.
 Snapshot 0
-0.29222222222222216     1.
 Snapshot 0
-0.29     1.
 Snapshot 0
-0.41000000000000003     1.
 Snapshot 0
-0.40575757575757576     1.
 Snapshot 0
-0.40151515151515155     1.
 Snapshot 0
-0.3972727272727273     1.
 Snapshot 0
-0.39303030303030306     1.
 Snapshot 0
-0.3887878787878788     1.
 Snapshot 0
-0.3845454545454546     1.
 Snapshot 0
-0.3803030303030303     1.
 Snapshot 0
-0.3760606060606061     1.
 Snapshot 0
-0.3718181818181818     1.
 Snapshot 0
-0.3675757575757576     1.
 Snapshot 0
-0.36333333333333334     1.
 Snapshot 0
-0.3590909090909091     1.
 Snapshot 0
-0.35484848484848486     1.
 Snapshot 0
-0.35060606060606064     1.
 Snapshot 0
-0.3463636363636364     1.
 Snapshot 0
-0.34212121212121216     1.
 Snapshot 0
-0.3378787878787879     1.
 Snapshot 0
-0.3336363636363637     1.
 Snapshot 0
-0.3293939393939394     1.
 Snapshot 0
-0.3251515151515152     1.
 Snapshot 0
-0.3209090909090909     1.
 Snapshot 0
-0.3166666666666667     1.
 Snapshot 0
-0.31242424242424244     1.
 Snapshot 0
-0.3081818181818182     1.
 Snapshot 0
-0.30393939393939395     1.
 Snapshot 0
-0.2996969696969697     1.
 Snapshot 0
-0.29545454545454547     1.
 Snapshot 0
-0.29121212121212126     1.
 Snapshot 0
-0.286969696969697     1.
 Snapshot 0
-0.2827272727272727     1.
 Snapshot 0
-0.2784848484848485     1.
 Snapshot 0
-0.2742424242424243     1.
 Snapshot 0
-0.27     1.
 Snapshot 0
-0.26575757575757575     1.
 Snapshot 0
-0.26151515151515153     1.
 Snapshot 0
-0.2572727272727273     1.
 Snapshot 0
-0.25303030303030305     1.
 Snapshot 0
-0.2487878787878788     1.
 Snapshot 0
-0.24454545454545457     1.
 Snapshot 0
-0.24030303030303032     1.
 Snapshot 0
-0.23606060606060608     1.
 Snapshot 0
-0.23181818181818184     1.
 Snapshot 0
-0.2275757575757576     1.
 Snapshot 0
-0.22333333333333336     1.
 Snapshot 0
-0.21909090909090911     1.
 Snapshot 0
-0.21484848484848487     1.
 Snapshot 0
-0.21060606060606063     1.
 Snapshot 0
-0.20636363636363636     1.
 Snapshot 0
-0.20212121212121212     1.
 Snapshot 0
-0.19787878787878788     1.
 Snapshot 0
-0.19363636363636363     1.
 Snapshot 0
-0.1893939393939394     1.
 Snapshot 0
-0.18515151515151515     1.
 Snapshot 0
-0.1809090909090909     1.
 Snapshot 0
-0.17666666666666667     1.
 Snapshot 0
-0.17242424242424242     1.
 Snapshot 0
-0.16818181818181818     1.
 Snapshot 0
-0.16393939393939394     1.
 Snapshot 0
-0.15969696969696973     1.
 Snapshot 0
-0.15545454545454546     1.
 Snapshot 0
-0.15121212121212124     1.
 Snapshot 0
-0.14696969696969697     1.
 Snapshot 0
-0.14272727272727276     1.
 Snapshot 0
-0.1384848484848485     1.
 Snapshot 0
-0.13424242424242422     1.
 Snapshot 0
-0.13     1.
 Snapshot 0
-0.12575757575757573     1.
 Snapshot 0
-0.12151515151515152     1.
 Snapshot 0
-0.11727272727272725     1.
 Snapshot 0
-0.11303030303030304     1.
 Snapshot 0
-0.10878787878787877     1.
 Snapshot 0
-0.10454545454545455     1.
 Snapshot 0
-0.10030303030303028     1.
 Snapshot 0
-0.09606060606060607     1.
 Snapshot 0
-0.0918181818181818     1.
 Snapshot 0
-0.08757575757575758     1.
 Snapshot 0
-0.08333333333333331     1.
 Snapshot 0
-0.0790909090909091     1.
 Snapshot 0
-0.07484848484848483     1.
 Snapshot 0
-0.07060606060606062     1.
 Snapshot 0
-0.06636363636363635     1.
 Snapshot 0
-0.06212121212121213     1.
 Snapshot 0
-0.05787878787878786     1.
 Snapshot 0
-0.05363636363636365     1.
 Snapshot 0
-0.04939393939393938     1.
 Snapshot 0
-0.045151515151515165     1.
 Snapshot 0
-0.040909090909090895     1.
 Snapshot 0
-0.03666666666666668     1.
 Snapshot 0
-0.03242424242424241     1.
 Snapshot 0
-0.028181818181818197     1.
 Snapshot 0
-0.023939393939393927     1.
 Snapshot 0
-0.019696969696969713     1.
 Snapshot 0
-0.015454545454545443     1.
 Snapshot 0
-0.011212121212121229     1.
 Snapshot 0
-0.006969696969696959     1.
 Snapshot 0
-0.0027272727272726893     1.
 Snapshot 0
0.001515151515151525     1.
 Snapshot 0
0.005757575757575795     1.
 Snapshot 0
0.01     1.
 Snapshot 0
-0.31     1.
 Snapshot 0
-0.30373737373737375     1.
 Snapshot 0
-0.29747474747474745     1.
 Snapshot 0
-0.2912121212121212     1.
 Snapshot 0
-0.28494949494949495     1.
 Snapshot 0
-0.2786868686868687     1.
 Snapshot 0
-0.2724242424242424     1.
 Snapshot 0
-0.26616161616161615     1.
 Snapshot 0
-0.2598989898989899     1.
 Snapshot 0
-0.25363636363636366     1.
 Snapshot 0
-0.24737373737373736     1.
 Snapshot 0
-0.2411111111111111     1.
 Snapshot 0
-0.23484848484848486     1.
 Snapshot 0
-0.2285858585858586     1.
 Snapshot 0
-0.2223232323232323     1.
 Snapshot 0
-0.21606060606060606     1.
 Snapshot 0
-0.20979797979797982     1.
 Snapshot 0
-0.20353535353535354     1.
 Snapshot 0
-0.19727272727272727     1.
 Snapshot 0
-0.19101010101010102     1.
 Snapshot 0
-0.18474747474747474     1.
 Snapshot 0
-0.1784848484848485     1.
 Snapshot 0
-0.17222222222222222     1.
 Snapshot 0
-0.16595959595959597     1.
 Snapshot 0
-0.1596969696969697     1.
 Snapshot 0
-0.15343434343434345     1.
 Snapshot 0
-0.14717171717171718     1.
 Snapshot 0
-0.14090909090909093     1.
 Snapshot 0
-0.13464646464646465     1.
 Snapshot 0
-0.1283838383838384     1.
 Snapshot 0
-0.12212121212121213     1.
 Snapshot 0
-0.11585858585858588     1.
 Snapshot 0
-0.10959595959595961     1.
 Snapshot 0
-0.10333333333333333     1.
 Snapshot 0
-0.09707070707070709     1.
 Snapshot 0
-0.09080808080808081     1.
 Snapshot 0
-0.08454545454545456     1.
 Snapshot 0
-0.07828282828282829     1.
 Snapshot 0
-0.07202020202020204     1.
 Snapshot 0
-0.06575757575757576     1.
 Snapshot 0
-0.05949494949494949     1.
 Snapshot 0
-0.05323232323232324     1.
 Snapshot 0
-0.046969696969696995     1.
 Snapshot 0
-0.04070707070707075     1.
 Snapshot 0
-0.034444444444444444     1.
 Snapshot 0
-0.028181818181818197     1.
 Snapshot 0
-0.02191919191919195     1.
 Snapshot 0
-0.015656565656565702     1.
 Snapshot 0
-0.009393939393939399     1.
 Snapshot 0
-0.0031313131313131515     1.
 Snapshot 0
0.003131313131313096     1.
 Snapshot 0
0.009393939393939399     1.
 Snapshot 0
0.015656565656565646     1.
 Snapshot 0
0.021919191919191894     1.
 Snapshot 0
0.02818181818181814     1.
 Snapshot 0
0.034444444444444444     1.
 Snapshot 0
0.04070707070707069     1.
 Snapshot 0
0.04696969696969694     1.
 Snapshot 0
0.053232323232323187     1.
 Snapshot 0
0.05949494949494949     1.
 Snapshot 0
0.06575757575757574     1.
 Snapshot 0
0.07202020202020198     1.
 Snapshot 0
0.07828282828282823     1.
 Snapshot 0
0.08454545454545453     1.
 Snapshot 0
0.09080808080808078     1.
 Snapshot 0
0.09707070707070703     1.
 Snapshot 0
0.10333333333333333     1.
 Snapshot 0
0.10959595959595958     1.
 Snapshot 0
0.11585858585858583     1.
 Snapshot 0
0.12212121212121207     1.
 Snapshot 0
0.12838383838383838     1.
 Snapshot 0
0.13464646464646463     1.
 Snapshot 0
0.14090909090909087     1.
 Snapshot 0
0.14717171717171712     1.
 Snapshot 0
0.15343434343434342     1.
 Snapshot 0
0.15969696969696967     1.
 Snapshot 0
0.16595959595959592     1.
 Snapshot 0
0.17222222222222217     1.
 Snapshot 0
0.17848484848484847     1.
 Snapshot 0
0.18474747474747472     1.
 Snapshot 0
0.19101010101010102     1.
 Snapshot 0
0.1972727272727272     1.
 Snapshot 0
0.2035353535353535     1.
 Snapshot 0
0.20979797979797982     1.
 Snapshot 0
0.216060606060606     1.
 Snapshot 0
0.2223232323232323     1.
 Snapshot 0
0.2285858585858585     1.
 Snapshot 0
0.2348484848484848     1.
 Snapshot 0
0.2411111111111111     1.
 Snapshot 0
0.2473737373737373     1.
 Snapshot 0
0.2536363636363636     1.
 Snapshot 0
0.2598989898989899     1.
 Snapshot 0
0.2661616161616161     1.
 Snapshot 0
0.2724242424242424     1.
 Snapshot 0
0.2786868686868686     1.
 Snapshot 0
0.2849494949494949     1.
 Snapshot 0
0.2912121212121212     1.
 Snapshot 0
0.2974747474747474     1.
 Snapshot 0
0.3037373737373737     1.
 Snapshot 0
0.31     1.
 Snapshot 0
-0.01     1.
 Snapshot 0
-0.005757575757575757     1.
 Snapshot 0
-0.0015151515151515145     1.
 Snapshot 0
0.0027272727272727292     1.
 Snapshot 0
0.006969696969696971     1.
 Snapshot 0
0.011212121212121213     1.
 Snapshot 0
0.015454545454545459     1.
 Snapshot 0
0.0196969696969697     1.
 Snapshot 0
0.02393939393939394     1.
 Snapshot 0
0.028181818181818183     1.
 Snapshot 0
0.032424242424242425     1.
 Snapshot 0
0.03666666666666667     1.
 Snapshot 0
0.040909090909090916     1.
 Snapshot 0
0.04515151515151516     1.
 Snapshot 0
0.0493939393939394     1.
 Snapshot 0
0.05363636363636364     1.
 Snapshot 0
0.057878787878787884     1.
 Snapshot 0
0.062121212121212126     1.
 Snapshot 0
0.06636363636363637     1.
 Snapshot 0
0.07060606060606062     1.
 Snapshot 0
0.07484848484848486     1.
 Snapshot 0
0.0790909090909091     1.
 Snapshot 0
0.08333333333333334     1.
 Snapshot 0
0.08757575757575758     1.
 Snapshot 0
0.09181818181818184     1.
 Snapshot 0
0.09606060606060608     1.
 Snapshot 0
0.10030303030303032     1.
 Snapshot 0
0.10454545454545457     1.
 Snapshot 0
0.10878787878787881     1.
 Snapshot 0
0.11303030303030305     1.
 Snapshot 0
0.11727272727272729     1.
 Snapshot 0
0.12151515151515153     1.
 Snapshot 0
0.12575757575757576     1.
 Snapshot 0
0.13     1.
 Snapshot 0
0.13424242424242425     1.
 Snapshot 0
0.1384848484848485     1.
 Snapshot 0
0.14272727272727273     1.
 Snapshot 0
0.14696969696969697     1.
 Snapshot 0
0.15121212121212121     1.
 Snapshot 0
0.15545454545454546     1.
 Snapshot 0
0.1596969696969697     1.
 Snapshot 0
0.16393939393939394     1.
 Snapshot 0
0.16818181818181818     1.
 Snapshot 0
0.17242424242424242     1.
 Snapshot 0
0.17666666666666667     1.
 Snapshot 0
0.1809090909090909     1.
 Snapshot 0
0.18515151515151515     1.
 Snapshot 0
0.1893939393939394     1.
 Snapshot 0
0.19363636363636366     1.
 Snapshot 0
0.1978787878787879     1.
 Snapshot 0
0.20212121212121215     1.
 Snapshot 0
0.2063636363636364     1.
 Snapshot 0
0.21060606060606063     1.
 Snapshot 0
0.21484848484848487     1.
 Snapshot 0
0.21909090909090911     1.
 Snapshot 0
0.22333333333333336     1.
 Snapshot 0
0.2275757575757576     1.
 Snapshot 0
0.23181818181818184     1.
 Snapshot 0
0.23606060606060608     1.
 Snapshot 0
0.2403030303030303     1.
 Snapshot 0
0.24454545454545457     1.
 Snapshot 0
0.24878787878787878     1.
 Snapshot 0
0.25303030303030305     1.
 Snapshot 0
0.25727272727272726     1.
 Snapshot 0
0.26151515151515153     1.
 Snapshot 0
0.2657575757575758     1.
 Snapshot 0
0.27     1.
 Snapshot 0
0.2742424242424243     1.
 Snapshot 0
0.2784848484848485     1.
 Snapshot 0
0.28272727272727277     1.
 Snapshot 0
0.286969696969697     1.
 Snapshot 0
0.29121212121212126     1.
 Snapshot 0
0.29545454545454547     1.
 Snapshot 0
0.29969696969696974     1.
 Snapshot 0
0.30393939393939395     1.
 Snapshot 0
0.3081818181818182     1.
 Snapshot 0
0.31242424242424244     1.
 Snapshot 0
0.3166666666666667     1.
 Snapshot 0
0.3209090909090909     1.
 Snapshot 0
0.3251515151515152     1.
 Snapshot 0
0.3293939393939394     1.
 Snapshot 0
0.3336363636363637     1.
 Snapshot 0
0.3378787878787879     1.
 Snapshot 0
0.34212121212121216     1.
 Snapshot 0
0.3463636363636364     1.
 Snapshot 0
0.35060606060606064     1.
 Snapshot 0
0.35484848484848486     1.
 Snapshot 0
0.3590909090909091     1.
 Snapshot 0
0.36333333333333334     1.
 Snapshot 0
0.3675757575757576     1.
 Snapshot 0
0.3718181818181818     1.
 Snapshot 0
0.3760606060606061     1.
 Snapshot 0
0.3803030303030303     1.
 Snapshot 0
0.3845454545454546     1.
 Snapshot 0
0.3887878787878788     1.
 Snapshot 0
0.39303030303030306     1.
 Snapshot 0
0.39727272727272733     1.
 Snapshot 0
0.40151515151515155     1.
 Snapshot 0
0.4057575757575758     1.
 Snapshot 0
0.41000000000000003     1.
 Snapshot 0
0.29     1.
 Snapshot 0
0.2922222222222222     1.
 Snapshot 0
0.2944444444444444     1.
 Snapshot 0
0.29666666666666663     1.
 Snapshot 0
0.29888888888888887     1.
 Snapshot 0
0.3011111111111111     1.
 Snapshot 0
0.30333333333333334     1.
 Snapshot 0
0.3055555555555555     1.
 Snapshot 0
0.30777777777777776     1.
 Snapshot 0
0.31     1.
 Snapshot 0
0.3122222222222222     1.
 Snapshot 0
0.3144444444444444     1.
 Snapshot 0
0.31666666666666665     1.
 Snapshot 0
0.3188888888888889     1.
 Snapshot 0
0.3211111111111111     1.
 Snapshot 0
0.3233333333333333     1.
 Snapshot 0
0.32555555555555554     1.
 Snapshot 0
0.3277777777777778     1.
 Snapshot 0
0.32999999999999996     1.
 Snapshot 0
0.3322222222222222     1.
 Snapshot 0
0.33444444444444443     1.
 Snapshot 0
0.33666666666666667     1.
 Snapshot 0
0.3388888888888889     1.
 Snapshot 0
0.3411111111111111     1.
 Snapshot 0
0.3433333333333333     1.
 Snapshot 0
0.34555555555555556     1.
 Snapshot 0
0.34777777777777774     1.
 Snapshot 0
0.35     1.
 Snapshot 0
0.3522222222222222     1.
 Snapshot 0
0.35444444444444445     1.
 Snapshot 0
0.3566666666666667     1.
 Snapshot 0
0.35888888888888887     1.
 Snapshot 0
0.3611111111111111     1.
 Snapshot 0
0.36333333333333334     1.
 Snapshot 0
0.3655555555555555     1.
 Snapshot 0
0.36777777777777776     1.
 Snapshot 0
0.37     1.
 Snapshot 0
0.37222222222222223     1.
 Snapshot 0
0.37444444444444447     1.
 Snapshot 0
0.37666666666666665     1.
 Snapshot 0
0.3788888888888889     1.
 Snapshot 0
0.3811111111111111     1.
 Snapshot 0
0.3833333333333333     1.
 Snapshot 0
0.38555555555555554     1.
 Snapshot 0
0.3877777777777778     1.
 Snapshot 0
0.39     1.
 Snapshot 0
0.39222222222222225     1.
 Snapshot 0
0.39444444444444443     1.
 Snapshot 0
0.39666666666666667     1.
 Snapshot 0
0.3988888888888889     1.
 Snapshot 0
0.4011111111111111     1.
 Snapshot 0
0.4033333333333333     1.
 Snapshot 0
0.40555555555555556     1.
 Snapshot 0
0.4077777777777778     1.
 Snapshot 0
0.41000000000000003     1.
 Snapshot 0
0.4122222222222222     1.
 Snapshot 0
0.41444444444444445     1.
 Snapshot 0
0.4166666666666667     1.
 Snapshot 0
0.41888888888888887     1.
 Snapshot 0
0.4211111111111111     1.
 Snapshot 0
0.42333333333333334     1.
 Snapshot 0
0.4255555555555556     1.
 Snapshot 0
0.4277777777777778     1.
 Snapshot 0
0.43     1.
 Snapshot 0
0.43222222222222223     1.
 Snapshot 0
0.43444444444444447     1.
 Snapshot 0
0.43666666666666665     1.
 Snapshot 0
0.4388888888888889     1.
 Snapshot 0
0.4411111111111111     1.
 Snapshot 0
0.44333333333333336     1.
 Snapshot 0
0.4455555555555556     1.
 Snapshot 0
0.4477777777777778     1.
 Snapshot 0
0.45     1.
 Snapshot 0
0.45222222222222225     1.
 Snapshot 0
0.45444444444444443     1.
 Snapshot 0
0.45666666666666667     1.
 Snapshot 0
0.4588888888888889     1.
 Snapshot 0
0.46111111111111114     1.
 Snapshot 0
0.4633333333333334     1.
 Snapshot 0
0.46555555555555556     1.
 Snapshot 0
0.4677777777777778     1.
 Snapshot 0
0.47000000000000003     1.
 Snapshot 0
0.4722222222222222     1.
 Snapshot 0
0.47444444444444445     1.
 Snapshot 0
0.4766666666666667     1.
 Snapshot 0
0.4788888888888889     1.
 Snapshot 0
0.48111111111111116     1.
 Snapshot 0
0.48333333333333334     1.
 Snapshot 0
0.4855555555555556     1.
 Snapshot 0
0.4877777777777778     1.
 Snapshot 0
0.49     1.
 Snapshot 0
0.4922222222222222     1.
 Snapshot 0
0.49444444444444446     1.
 Snapshot 0
0.4966666666666667     1.
 Snapshot 0
0.49888888888888894     1.
 Snapshot 0
0.5011111111111111     1.
 Snapshot 0
0.5033333333333334     1.
 Snapshot 0
0.5055555555555555     1.
 Snapshot 0
0.5077777777777778     1.
 Snapshot 0
0.51     1.
 Snapshot 0
0.39     1.
 Snapshot 0
0.39222222222222225     1.
 Snapshot 0
0.39444444444444443     1.
 Snapshot 0
0.39666666666666667     1.
 Snapshot 0
0.3988888888888889     1.
 Snapshot 0
0.40111111111111114     1.
 Snapshot 0
0.4033333333333333     1.
 Snapshot 0
0.40555555555555556     1.
 Snapshot 0
0.4077777777777778     1.
 Snapshot 0
0.41000000000000003     1.
 Snapshot 0
0.4122222222222222     1.
 Snapshot 0
0.41444444444444445     1.
 Snapshot 0
0.4166666666666667     1.
 Snapshot 0
0.4188888888888889     1.
 Snapshot 0
0.4211111111111111     1.
 Snapshot 0
0.42333333333333334     1.
 Snapshot 0
0.4255555555555556     1.
 Snapshot 0
0.4277777777777778     1.
 Snapshot 0
0.43     1.
 Snapshot 0
0.43222222222222223     1.
 Snapshot 0
0.43444444444444447     1.
 Snapshot 0
0.43666666666666665     1.
 Snapshot 0
0.4388888888888889     1.
 Snapshot 0
0.4411111111111111     1.
 Snapshot 0
0.44333333333333336     1.
 Snapshot 0
0.44555555555555554     1.
 Snapshot 0
0.4477777777777778     1.
 Snapshot 0
0.45     1.
 Snapshot 0
0.4522222222222222     1.
 Snapshot 0
0.45444444444444443     1.
 Snapshot 0
0.45666666666666667     1.
 Snapshot 0
0.4588888888888889     1.
 Snapshot 0
0.46111111111111114     1.
 Snapshot 0
0.4633333333333333     1.
 Snapshot 0
0.46555555555555556     1.
 Snapshot 0
0.4677777777777778     1.
 Snapshot 0
0.47     1.
 Snapshot 0
0.4722222222222222     1.
 Snapshot 0
0.47444444444444445     1.
 Snapshot 0
0.4766666666666667     1.
 Snapshot 0
0.4788888888888889     1.
 Snapshot 0
0.4811111111111111     1.
 Snapshot 0
0.48333333333333334     1.
 Snapshot 0
0.4855555555555555     1.
 Snapshot 0
0.48777777777777775     1.
 Snapshot 0
0.49     1.
 Snapshot 0
0.4922222222222222     1.
 Snapshot 0
0.49444444444444446     1.
 Snapshot 0
0.49666666666666665     1.
 Snapshot 0
0.4988888888888889     1.
 Snapshot 0
0.5011111111111111     1.
 Snapshot 0
0.5033333333333333     1.
 Snapshot 0
0.5055555555555555     1.
 Snapshot 0
0.5077777777777778     1.
 Snapshot 0
0.51     1.
 Snapshot 0
0.5122222222222222     1.
 Snapshot 0
0.5144444444444445     1.
 Snapshot 0
0.5166666666666666     1.
 Snapshot 0
0.5188888888888888     1.
 Snapshot 0
0.5211111111111111     1.
 Snapshot 0
0.5233333333333333     1.
 Snapshot 0
0.5255555555555556     1.
 Snapshot 0
0.5277777777777778     1.
 Snapshot 0
0.53     1.
 Snapshot 0
0.5322222222222222     1.
 Snapshot 0
0.5344444444444444     1.
 Snapshot 0
0.5366666666666666     1.
 Snapshot 0
0.5388888888888889     1.
 Snapshot 0
0.5411111111111111     1.
 Snapshot 0
0.5433333333333333     1.
 Snapshot 0
0.5455555555555556     1.
 Snapshot 0
0.5477777777777777     1.
 Snapshot 0
0.55     1.
 Snapshot 0
0.5522222222222222     1.
 Snapshot 0
0.5544444444444444     1.
 Snapshot 0
0.5566666666666666     1.
 Snapshot 0
0.5588888888888889     1.
 Snapshot 0
0.5611111111111111     1.
 Snapshot 0
0.5633333333333334     1.
 Snapshot 0
0.5655555555555556     1.
 Snapshot 0
0.5677777777777777     1.
 Snapshot 0
0.57     1.
 Snapshot 0
0.5722222222222222     1.
 Snapshot 0
0.5744444444444444     1.
 Snapshot 0
0.5766666666666667     1.
 Snapshot 0
0.5788888888888889     1.
 Snapshot 0
0.5811111111111111     1.
 Snapshot 0
0.5833333333333333     1.
 Snapshot 0
0.5855555555555555     1.
 Snapshot 0
0.5877777777777777     1.
 Snapshot 0
0.59     1.
 Snapshot 0
0.5922222222222222     1.
 Snapshot 0
0.5944444444444444     1.
 Snapshot 0
0.5966666666666667     1.
 Snapshot 0
0.5988888888888888     1.
 Snapshot 0
0.6011111111111112     1.
 Snapshot 0
0.6033333333333333     1.
 Snapshot 0
0.6055555555555555     1.
 Snapshot 0
0.6077777777777778     1.
 Snapshot 0
0.61     1.
 Snapshot 0
0.49     1.
 Snapshot 0
0.4922222222222222     1.
 Snapshot 0
0.4944444444444444     1.
 Snapshot 0
0.49666666666666665     1.
 Snapshot 0
0.4988888888888889     1.
 Snapshot 0
0.5011111111111111     1.
 Snapshot 0
0.5033333333333333     1.
 Snapshot 0
0.5055555555555555     1.
 Snapshot 0
0.5077777777777778     1.
 Snapshot 0
0.51     1.
 Snapshot 0
0.5122222222222222     1.
 Snapshot 0
0.5144444444444445     1.
 Snapshot 0
0.5166666666666666     1.
 Snapshot 0
0.5188888888888888     1.
 Snapshot 0
0.5211111111111111     1.
 Snapshot 0
0.5233333333333333     1.
 Snapshot 0
0.5255555555555556     1.
 Snapshot 0
0.5277777777777778     1.
 Snapshot 0
0.53     1.
 Snapshot 0
0.5322222222222222     1.
 Snapshot 0
0.5344444444444444     1.
 Snapshot 0
0.5366666666666666     1.
 Snapshot 0
0.5388888888888889     1.
 Snapshot 0
0.5411111111111111     1.
 Snapshot 0
0.5433333333333333     1.
 Snapshot 0
0.5455555555555556     1.
 Snapshot 0
0.5477777777777778     1.
 Snapshot 0
0.5499999999999999     1.
 Snapshot 0
0.5522222222222222     1.
 Snapshot 0
0.5544444444444444     1.
 Snapshot 0
0.5566666666666666     1.
 Snapshot 0
0.5588888888888889     1.
 Snapshot 0
0.5611111111111111     1.
 Snapshot 0
0.5633333333333334     1.
 Snapshot 0
0.5655555555555556     1.
 Snapshot 0
0.5677777777777777     1.
 Snapshot 0
0.57     1.
 Snapshot 0
0.5722222222222222     1.
 Snapshot 0
0.5744444444444444     1.
 Snapshot 0
0.5766666666666667     1.
 Snapshot 0
0.5788888888888889     1.
 Snapshot 0
0.5811111111111111     1.
 Snapshot 0
0.5833333333333333     1.
 Snapshot 0
0.5855555555555555     1.
 Snapshot 0
0.5877777777777777     1.
 Snapshot 0
0.59     1.
 Snapshot 0
0.5922222222222222     1.
 Snapshot 0
0.5944444444444444     1.
 Snapshot 0
0.5966666666666667     1.
 Snapshot 0
0.5988888888888888     1.
 Snapshot 0
0.601111111111111     1.
 Snapshot 0
0.6033333333333333     1.
 Snapshot 0
0.6055555555555555     1.
 Snapshot 0
0.6077777777777778     1.
 Snapshot 0
0.61     1.
 Snapshot 0
0.6122222222222222     1.
 Snapshot 0
0.6144444444444443     1.
 Snapshot 0
0.6166666666666667     1.
 Snapshot 0
0.6188888888888888     1.
 Snapshot 0
0.6211111111111111     1.
 Snapshot 0
0.6233333333333333     1.
 Snapshot 0
0.6255555555555555     1.
 Snapshot 0
0.6277777777777778     1.
 Snapshot 0
0.63     1.
 Snapshot 0
0.6322222222222222     1.
 Snapshot 0
0.6344444444444444     1.
 Snapshot 0
0.6366666666666666     1.
 Snapshot 0
0.6388888888888888     1.
 Snapshot 0
0.6411111111111111     1.
 Snapshot 0
0.6433333333333333     1.
 Snapshot 0
0.6455555555555555     1.
 Snapshot 0
0.6477777777777778     1.
 Snapshot 0
0.6499999999999999     1.
 Snapshot 0
0.6522222222222221     1.
 Snapshot 0
0.6544444444444444     1.
 Snapshot 0
0.6566666666666666     1.
 Snapshot 0
0.6588888888888889     1.
 Snapshot 0
0.6611111111111111     1.
 Snapshot 0
0.6633333333333333     1.
 Snapshot 0
0.6655555555555555     1.
 Snapshot 0
0.6677777777777778     1.
 Snapshot 0
0.6699999999999999     1.
 Snapshot 0
0.6722222222222222     1.
 Snapshot 0
0.6744444444444444     1.
 Snapshot 0
0.6766666666666666     1.
 Snapshot 0
0.6788888888888889     1.
 Snapshot 0
0.681111111111111     1.
 Snapshot 0
0.6833333333333333     1.
 Snapshot 0
0.6855555555555555     1.
 Snapshot 0
0.6877777777777777     1.
 Snapshot 0
0.69     1.
 Snapshot 0
0.6922222222222222     1.
 Snapshot 0
0.6944444444444444     1.
 Snapshot 0
0.6966666666666667     1.
 Snapshot 0
0.6988888888888889     1.
 Snapshot 0
0.701111111111111     1.
 Snapshot 0
0.7033333333333333     1.
 Snapshot 0
0.7055555555555555     1.
 Snapshot 0
0.7077777777777777     1.
 Snapshot 0
0.71     1.
 Snapshot 0
0.59     1.
 Snapshot 0
0.5922222222222222     1.
 Snapshot 0
0.5944444444444444     1.
 Snapshot 0
0.5966666666666667     1.
 Snapshot 0
0.5988888888888889     1.
 Snapshot 0
0.601111111111111     1.
 Snapshot 0
0.6033333333333333     1.
 Snapshot 0
0.6055555555555555     1.
 Snapshot 0
0.6077777777777778     1.
 Snapshot 0
0.61     1.
 Snapshot 0
0.6122222222222222     1.
 Snapshot 0
0.6144444444444445     1.
 Snapshot 0
0.6166666666666667     1.
 Snapshot 0
0.6188888888888888     1.
 Snapshot 0
0.6211111111111111     1.
 Snapshot 0
0.6233333333333333     1.
 Snapshot 0
0.6255555555555555     1.
 Snapshot 0
0.6277777777777778     1.
 Snapshot 0
0.63     1.
 Snapshot 0
0.6322222222222222     1.
 Snapshot 0
0.6344444444444445     1.
 Snapshot 0
0.6366666666666666     1.
 Snapshot 0
0.6388888888888888     1.
 Snapshot 0
0.6411111111111111     1.
 Snapshot 0
0.6433333333333333     1.
 Snapshot 0
0.6455555555555555     1.
 Snapshot 0
0.6477777777777778     1.
 Snapshot 0
0.65     1.
 Snapshot 0
0.6522222222222223     1.
 Snapshot 0
0.6544444444444444     1.
 Snapshot 0
0.6566666666666666     1.
 Snapshot 0
0.6588888888888889     1.
 Snapshot 0
0.6611111111111111     1.
 Snapshot 0
0.6633333333333333     1.
 Snapshot 0
0.6655555555555556     1.
 Snapshot 0
0.6677777777777778     1.
 Snapshot 0
0.67     1.
 Snapshot 0
0.6722222222222223     1.
 Snapshot 0
0.6744444444444444     1.
 Snapshot 0
0.6766666666666666     1.
 Snapshot 0
0.6788888888888889     1.
 Snapshot 0
0.6811111111111111     1.
 Snapshot 0
0.6833333333333333     1.
 Snapshot 0
0.6855555555555556     1.
 Snapshot 0
0.6877777777777778     1.
 Snapshot 0
0.69     1.
 Snapshot 0
0.6922222222222222     1.
 Snapshot 0
0.6944444444444444     1.
 Snapshot 0
0.6966666666666667     1.
 Snapshot 0
0.6988888888888889     1.
 Snapshot 0
0.7011111111111111     1.
 Snapshot 0
0.7033333333333334     1.
 Snapshot 0
0.7055555555555556     1.
 Snapshot 0
0.7077777777777778     1.
 Snapshot 0
0.71     1.
 Snapshot 0
0.7122222222222222     1.
 Snapshot 0
0.7144444444444444     1.
 Snapshot 0
0.7166666666666667     1.
 Snapshot 0
0.7188888888888889     1.
 Snapshot 0
0.7211111111111111     1.
 Snapshot 0
0.7233333333333334     1.
 Snapshot 0
0.7255555555555555     1.
 Snapshot 0
0.7277777777777779     1.
 Snapshot 0
0.73     1.
 Snapshot 0
0.7322222222222222     1.
 Snapshot 0
0.7344444444444445     1.
 Snapshot 0
0.7366666666666667     1.
 Snapshot 0
0.7388888888888889     1.
 Snapshot 0
0.7411111111111112     1.
 Snapshot 0
0.7433333333333334     1.
 Snapshot 0
0.7455555555555555     1.
 Snapshot 0
0.7477777777777779     1.
 Snapshot 0
0.75     1.
 Snapshot 0
0.7522222222222222     1.
 Snapshot 0
0.7544444444444445     1.
 Snapshot 0
0.7566666666666667     1.
 Snapshot 0
0.758888888888889     1.
 Snapshot 0
0.7611111111111112     1.
 Snapshot 0
0.7633333333333334     1.
 Snapshot 0
0.7655555555555555     1.
 Snapshot 0
0.7677777777777778     1.
 Snapshot 0
0.77     1.
 Snapshot 0
0.7722222222222223     1.
 Snapshot 0
0.7744444444444445     1.
 Snapshot 0
0.7766666666666667     1.
 Snapshot 0
0.778888888888889     1.
 Snapshot 0
0.7811111111111111     1.
 Snapshot 0
0.7833333333333334     1.
 Snapshot 0
0.7855555555555556     1.
 Snapshot 0
0.7877777777777778     1.
 Snapshot 0
0.79     1.
 Snapshot 0
0.7922222222222223     1.
 Snapshot 0
0.7944444444444445     1.
 Snapshot 0
0.7966666666666667     1.
 Snapshot 0
0.798888888888889     1.
 Snapshot 0
0.8011111111111111     1.
 Snapshot 0
0.8033333333333335     1.
 Snapshot 0
0.8055555555555556     1.
 Snapshot 0
0.8077777777777778     1.
 Snapshot 0
0.81     1.
 Snapshot 0
0.69     1.
 Snapshot 0
0.6932323232323232     1.
 Snapshot 0
0.6964646464646465     1.
 Snapshot 0
0.6996969696969696     1.
 Snapshot 0
0.7029292929292928     1.
 Snapshot 0
0.7061616161616161     1.
 Snapshot 0
0.7093939393939394     1.
 Snapshot 0
0.7126262626262626     1.
 Snapshot 0
0.7158585858585859     1.
 Snapshot 0
0.719090909090909     1.
 Snapshot 0
0.7223232323232323     1.
 Snapshot 0
0.7255555555555555     1.
 Snapshot 0
0.7287878787878788     1.
 Snapshot 0
0.732020202020202     1.
 Snapshot 0
0.7352525252525252     1.
 Snapshot 0
0.7384848484848484     1.
 Snapshot 0
0.7417171717171717     1.
 Snapshot 0
0.7449494949494949     1.
 Snapshot 0
0.7481818181818182     1.
 Snapshot 0
0.7514141414141413     1.
 Snapshot 0
0.7546464646464646     1.
 Snapshot 0
0.7578787878787878     1.
 Snapshot 0
0.7611111111111111     1.
 Snapshot 0
0.7643434343434343     1.
 Snapshot 0
0.7675757575757576     1.
 Snapshot 0
0.7708080808080807     1.
 Snapshot 0
0.774040404040404     1.
 Snapshot 0
0.7772727272727272     1.
 Snapshot 0
0.7805050505050505     1.
 Snapshot 0
0.7837373737373737     1.
 Snapshot 0
0.7869696969696969     1.
 Snapshot 0
0.7902020202020201     1.
 Snapshot 0
0.7934343434343434     1.
 Snapshot 0
0.7966666666666666     1.
 Snapshot 0
0.7998989898989899     1.
 Snapshot 0
0.8031313131313131     1.
 Snapshot 0
0.8063636363636363     1.
 Snapshot 0
0.8095959595959595     1.
 Snapshot 0
0.8128282828282828     1.
 Snapshot 0
0.816060606060606     1.
 Snapshot 0
0.8192929292929293     1.
 Snapshot 0
0.8225252525252524     1.
 Snapshot 0
0.8257575757575757     1.
 Snapshot 0
0.8289898989898989     1.
 Snapshot 0
0.8322222222222222     1.
 Snapshot 0
0.8354545454545454     1.
 Snapshot 0
0.8386868686868687     1.
 Snapshot 0
0.8419191919191918     1.
 Snapshot 0
0.8451515151515151     1.
 Snapshot 0
0.8483838383838384     1.
 Snapshot 0
0.8516161616161616     1.
 Snapshot 0
0.8548484848484849     1.
 Snapshot 0
0.858080808080808     1.
 Snapshot 0
0.8613131313131313     1.
 Snapshot 0
0.8645454545454545     1.
 Snapshot 0
0.8677777777777778     1.
 Snapshot 0
0.871010101010101     1.
 Snapshot 0
0.8742424242424243     1.
 Snapshot 0
0.8774747474747474     1.
 Snapshot 0
0.8807070707070707     1.
 Snapshot 0
0.8839393939393939     1.
 Snapshot 0
0.8871717171717172     1.
 Snapshot 0
0.8904040404040403     1.
 Snapshot 0
0.8936363636363636     1.
 Snapshot 0
0.8968686868686868     1.
 Snapshot 0
0.9001010101010101     1.
 Snapshot 0
0.9033333333333333     1.
 Snapshot 0
0.9065656565656566     1.
 Snapshot 0
0.9097979797979798     1.
 Snapshot 0
0.913030303030303     1.
 Snapshot 0
0.9162626262626262     1.
 Snapshot 0
0.9194949494949495     1.
 Snapshot 0
0.9227272727272727     1.
 Snapshot 0
0.9259595959595959     1.
 Snapshot 0
0.9291919191919191     1.
 Snapshot 0
0.9324242424242424     1.
 Snapshot 0
0.9356565656565656     1.
 Snapshot 0
0.9388888888888889     1.
 Snapshot 0
0.9421212121212121     1.
 Snapshot 0
0.9453535353535354     1.
 Snapshot 0
0.9485858585858586     1.
 Snapshot 0
0.9518181818181818     1.
 Snapshot 0
0.955050505050505     1.
 Snapshot 0
0.9582828282828283     1.
 Snapshot 0
0.9615151515151514     1.
 Snapshot 0
0.9647474747474747     1.
 Snapshot 0
0.9679797979797979     1.
 Snapshot 0
0.9712121212121212     1.
 Snapshot 0
0.9744444444444444     1.
 Snapshot 0
0.9776767676767677     1.
 Snapshot 0
0.980909090909091     1.
 Snapshot 0
0.9841414141414142     1.
 Snapshot 0
0.9873737373737373     1.
 Snapshot 0
0.9906060606060606     1.
 Snapshot 0
0.9938383838383837     1.
 Snapshot 0
0.997070707070707     1.
 Snapshot 0
1.0003030303030302     1.
 Snapshot 0
1.0035353535353535     1.
 Snapshot 0
1.0067676767676768     1.
 Snapshot 0
1.01     1.